0.481333333333332 139.5490477343552
0.491333333333332 133.5143992436521
0.501333333333332 130.14165646332592
0.511333333333332 129.66192916441068
0.521333333333332 129.18650378012484
0.531333333333332 128.40913391250942
0.541333333333332 128.51111648579308
0.551333333333332 128.9552277012457
0.561333333333332 129.69408310199466
0.571333333333332 129.63351423185455
0.581333333333332 129.42270033064844
0.591333333333332 129.2507151468962
0.6013333333333319 128.0793835318449
0.611333333333332 127.51927905268862
0.621333333333332 127.33474192405188
0.631333333333332 127.15886625526183
0.641333333333332 125.93947992073566
0.651333333333332 125.1470772217926
0.661333333333332 124.42249199160196
0.671333333333332 123.83080749726386
0.681333333333332 122.53692850411359
0.691333333333332 122.33227442517962
0.701333333333332 121.95163902298971
0.711333333333332 122.21260579133563
0.721333333333332 122.37661602360113
0.731333333333332 121.98620325293948
0.741333333333332 122.79647365140714
0.751333333333332 122.38405821269794
0.761333333333332 122.2421013623377
0.771333333333332 122.61945004021972
0.781333333333332 122.77664636711656
0.791333333333332 123.13310956262572
0.801333333333332 122.60476848260805
0.811333333333332 123.13706136866647
0.821333333333332 123.19785729529572
0.831333333333332 123.16277109573339
0.841333333333332 123.12369773298455
0.851333333333332 123.32012752329642
0.861333333333332 123.61855543083935
0.871333333333332 123.8833681650131
0.881333333333332 123.931060451314
0.891333333333332 123.9693431877107
0.901333333333332 124.44804606930971
0.911333333333332 123.96771032622334
0.921333333333332 123.57058556426657
0.931333333333332 123.43756234788721
0.941333333333332 123.27000890472767
0.951333333333332 123.45820633036446
0.961333333333332 123.48856464428653
0.971333333333332 123.93798579870547
0.981333333333332 124.50018681915398
0.991333333333332 124.34885512401908
1.0013333333333319 124.91772143668068
1.0113333333333319 125.47481851897227
1.0213333333333319 124.80597446541483
1.0313333333333319 124.70505373195145
1.041333333333332 124.60763728977737
1.051333333333332 124.82050268151633
1.061333333333332 125.55030469657623
1.071333333333332 125.2532389811948
1.081333333333332 124.92070386870036
1.091333333333332 124.19529526040199
1.101333333333332 124.82251555938986
1.111333333333332 124.64553225918016
1.121333333333332 124.66666946886328
1.131333333333332 124.58712822161698
1.141333333333332 124.61605487992202
1.151333333333332 124.57801608318502
1.161333333333332 124.54028817129557
1.171333333333332 125.13641969122982
1.1813333333333318 124.97139097194415
1.1913333333333318 125.29424316946269
1.2013333333333318 125.97594449286731
1.2113333333333318 126.12479309205546
1.2213333333333318 125.65169343654405
1.2313333333333318 124.43672476646277
1.2413333333333318 122.95859469598993
1.2513333333333319 120.86494895808163
1.2613333333333319 118.37390613356995
1.2713333333333319 115.00426031772989
1.2813333333333319 111.8300835235094
1.291333333333332 109.19254515626487
1.301333333333332 107.55496918276484
1.311333333333332 104.23076606375353
1.321333333333332 102.91756702063635
1.331333333333332 101.13636908148592
1.341333333333332 99.91856853939696
1.351333333333332 99.32715402237342
1.361333333333332 99.16242270178383
1.371333333333332 98.5459724323756
1.381333333333332 98.62248504337171
1.391333333333332 99.21765426404885
1.401333333333332 99.82460824524837
1.411333333333332 101.34034222945714
1.421333333333332 101.55875048527048
1.4313333333333318 101.7266363477006
1.4413333333333318 101.79849630545618
1.4513333333333318 102.17271354869611
1.4613333333333318 103.02460656631058
1.4713333333333318 103.47403489464473
1.4813333333333318 102.8831398168009
1.4913333333333318 102.1460629987594
1.5013333333333319 101.71162216672049
1.5113333333333319 101.61687903538572
1.5213333333333319 102.09410249062864
1.5313333333333319 101.53581212276079
1.541333333333332 101.64350569996778
1.551333333333332 102.06059654809248
1.561333333333332 102.2775601160783
1.571333333333332 103.09398914055592
1.581333333333332 103.19689784562242
1.591333333333332 103.23524815178774
1.601333333333332 103.35717127377286
1.611333333333332 104.0079902531333
1.621333333333332 103.75203183809789
1.631333333333332 103.8718822563896
1.641333333333332 104.29666305277145
1.651333333333332 104.67040979218321
1.661333333333332 104.3533284675017
1.671333333333332 103.9212901506725
1.681333333333332 103.93909060915429
1.6913333333333318 103.96864793163921
1.7013333333333318 104.13324698561317
1.7113333333333318 103.05172468758717
1.7213333333333318 103.0501059517833
1.7313333333333318 103.11901614754507
1.7413333333333318 103.55630012877909
1.7513333333333319 103.1859183611027
1.7613333333333319 103.20809139875445
1.7713333333333319 102.72592390821099
1.7813333333333319 102.96623253661906
1.791333333333332 102.68038963629401
1.801333333333332 102.67649091477917
1.811333333333332 102.85428139065256
1.821333333333332 103.18467105278148
1.831333333333332 103.10930670184115
1.841333333333332 103.21938917394398
1.851333333333332 103.77907005079042
1.861333333333332 103.66262170866369
1.871333333333332 103.88069278329637
1.881333333333332 104.47794534513739
1.891333333333332 104.38548457021544
1.901333333333332 104.38411105106489
1.911333333333332 103.9860453834947
1.921333333333332 103.97978728378479
1.931333333333332 104.41137831929551
1.9413333333333318 104.95229696213208
1.9513333333333318 104.5816293971846
1.9613333333333318 104.47271440990711
1.9713333333333318 104.30066176901242
1.9813333333333318 104.07307403274243
1.9913333333333318 103.6075153660981
2.001333333333332 103.27149208840206
2.011333333333332 102.87079618349648
2.021333333333332 100.04856529960573
2.031333333333332 103.56862986270862
2.041333333333332 103.57883769028717
2.051333333333332 103.21474174285217
2.061333333333332 104.40630195430437
2.0713333333333317 104.78408018041061
2.081333333333332 104.89888744621273
2.0913333333333317 103.90868350110148
2.101333333333332 103.78314614320452
2.1113333333333317 104.26314207388388
2.121333333333332 104.60136150377646
2.1313333333333317 106.45205185156229
2.141333333333332 106.99801223555671
2.1513333333333318 104.43277939327184
2.161333333333332 105.05811880697513
2.171333333333332 102.15577259005256
2.181333333333332 105.20375021809356
2.191333333333332 105.35250540642846
2.201333333333332 109.07823078114808
2.211333333333332 109.25318102560668
2.221333333333332 104.45084321037183
2.231333333333332 102.87230758804188
2.241333333333332 101.32167758721357
2.251333333333332 100.55275354124672
2.261333333333332 98.01798340583554
2.271333333333332 99.23586526648616
2.281333333333332 104.20882843394222
2.291333333333332 109.00940119464336
2.301333333333332 105.5100119388507
2.311333333333332 105.36979237305155
2.321333333333332 103.87559589051548
2.331333333333332 103.21890702454412
2.3413333333333317 103.16191198297001
2.351333333333332 103.01090911635107
2.3613333333333317 102.92720943435239
2.371333333333332 104.32885532082754
2.3813333333333317 104.25130358931042
2.391333333333332 104.66786253437664
2.4013333333333318 105.23286833209022
2.411333333333332 105.67379957670646
2.421333333333332 105.68519591485389
2.431333333333332 105.17707859425222
2.441333333333332 105.51750289237434
2.451333333333332 104.72304975627766
2.461333333333332 104.60958082062324
2.471333333333332 104.89964988673121
2.481333333333332 104.18678769060469
2.491333333333332 105.08879056826271
2.501333333333332 105.26031495414495
2.511333333333332 105.55766135610803
2.521333333333332 105.65343156107079
2.531333333333332 105.21695639575528
2.541333333333332 105.32717663708932
2.551333333333332 105.42993889229147
2.561333333333332 105.34965431705216
2.571333333333332 105.9690542694456
2.581333333333332 105.77938356438513
2.5913333333333317 105.73294729778479
2.601333333333332 105.60931320794427
2.6113333333333317 105.2344091475154
2.621333333333332 105.00558569216103
2.6313333333333317 104.93461850090891
2.641333333333332 104.9713046226346
2.6513333333333318 104.93217441511189
2.661333333333332 104.50065592116334
2.671333333333332 104.37413392216389
2.681333333333332 104.49147583513158
2.691333333333332 105.04490214172962
2.701333333333332 105.47124982567779
2.711333333333332 105.04276824852165
2.721333333333332 105.09347710295023
2.731333333333332 105.31394774131887
2.741333333333332 105.0370250078275
2.751333333333332 105.1412855718493
2.761333333333332 105.31419534503117
2.771333333333332 105.4548016567962
2.781333333333332 105.28084064809566
2.791333333333332 105.51313476381429
2.801333333333332 105.42102487460448
2.811333333333332 105.32376553596782
2.821333333333332 105.5684841952659
2.831333333333332 105.5116388931631
2.8413333333333317 105.08022458934725
2.851333333333332 105.47991210679886
2.8613333333333317 105.14016507255319
2.871333333333332 105.9699646884718
2.8813333333333317 105.47633906534793
2.891333333333332 105.30444329410406
2.9013333333333318 105.69449388352947
2.911333333333332 105.65105651523724
2.921333333333332 106.09099845009166
2.931333333333332 106.36830674649529
2.941333333333332 105.56892112689195
2.951333333333332 106.04111962678384
2.961333333333332 106.50758035353637
2.971333333333332 106.53900297004304
2.981333333333332 106.1037284106933
2.991333333333332 106.34311031777088
3.001333333333332 106.66480404949044
3.011333333333332 105.69594061924117
3.021333333333332 106.15310398647458
3.031333333333332 106.08119994242843
3.041333333333332 106.22578160006739
3.051333333333332 106.4016053301358
3.061333333333332 105.883428066204
3.071333333333332 106.06114933012972
3.081333333333332 106.41119713942219
3.091333333333332 106.25802668807607
3.101333333333332 106.19609992459024
3.1113333333333317 106.36120912154891
3.121333333333332 106.2472412833384
3.1313333333333317 106.49616283207949
3.141333333333332 106.2971633365697
3.1513333333333318 106.46985918895973
3.161333333333332 106.8589460949276
3.171333333333332 107.1351942357239
3.181333333333332 107.24997306148654
3.191333333333332 107.07586625710631
3.201333333333332 107.47018678281651
3.211333333333332 108.42923095367989
3.221333333333332 108.25245093130034
3.231333333333332 108.14259803133623
3.241333333333332 106.98208509450359
3.251333333333332 106.06941490733743
3.261333333333332 114.1901831454065
3.271333333333332 105.163015813667
3.281333333333332 101.69637806609248
3.291333333333332 97.41095536518127
4.221333333333332 138.5114976548455
4.231333333333332 137.04625770734654
4.241333333333332 136.08393591727906
4.251333333333332 135.5944404975489
4.261333333333332 134.6087563332228
4.271333333333332 131.3939445065447
4.281333333333332 129.61718506514478
4.291333333333332 130.57154865095848
4.301333333333332 130.15617167401712
4.311333333333332 129.84101790749548
4.321333333333332 129.63739549911247
4.331333333333332 129.4094050138604
4.341333333333332 129.3805219176008
4.351333333333332 129.29945055435937
4.361333333333332 129.48761144650146
4.371333333333332 129.93111144178243
4.381333333333332 129.8120707688642
4.391333333333332 129.49765996546074
4.401333333333332 129.59892287369922
4.4113333333333316 129.75639122745065
4.421333333333332 129.58996170238765
4.431333333333332 129.5833203311532
4.441333333333332 129.64894391039792
4.451333333333332 129.02188686572248
4.461333333333332 128.74342055897213
4.471333333333332 128.7599305594024
4.481333333333332 128.65203335915768
4.491333333333332 128.65348037089828
4.501333333333332 128.32779212271052
4.511333333333332 127.96279429141373
4.521333333333332 128.4986548823352
4.531333333333332 128.5866536490068
4.541333333333332 128.55396786047717
4.551333333333332 128.34690780314702
4.561333333333332 128.46619470686267
4.571333333333332 128.0489411406427
4.581333333333332 127.671986734732
4.591333333333332 127.5383200626216
4.601333333333332 127.45472896394817
4.611333333333332 127.53806862274912
4.621333333333332 127.37272491144012
4.631333333333332 127.61229123380117
4.641333333333332 127.30799957908009
4.651333333333332 126.91934909896847
4.6613333333333316 126.64408408333638
4.671333333333332 126.61013587711585
4.681333333333332 126.39160884610791
4.691333333333332 126.71577591405166
4.701333333333332 126.68509279280762
4.711333333333332 126.61862606534257
4.721333333333332 126.31946594884324
4.731333333333332 126.54574664423619
4.741333333333332 126.60564665963281
4.751333333333332 126.0812106082384
4.761333333333332 125.89520657343445
4.771333333333332 126.15520090523547
4.781333333333332 126.39690932960183
4.791333333333332 126.66513616647083
4.801333333333332 126.56225475148716
4.811333333333332 126.58971579034605
4.821333333333332 125.9274269819115
4.831333333333332 125.77164535921182
4.841333333333332 126.0540478203049
4.851333333333332 126.46425733310613
4.861333333333332 126.3593102765081
4.871333333333332 126.48549309937944
4.881333333333332 126.669949696004
4.891333333333332 126.4283642148646
4.901333333333332 125.96081814427299
4.9113333333333316 125.84818996563122
4.921333333333332 126.37051720530488
4.931333333333332 126.16754069713221
4.941333333333332 126.12804411778689
4.951333333333332 126.06787971611486
4.961333333333332 126.14667496487607
4.971333333333332 126.10973240936137
4.981333333333332 126.24656459980329
4.991333333333332 125.84103612612596
5.001333333333332 126.21680657197996
5.011333333333332 126.91931696452687
5.021333333333332 126.81841755028472
5.031333333333332 127.12294956280601
5.041333333333332 127.18717151955829
5.051333333333332 126.42227499732698
5.061333333333332 126.4049317725185
5.071333333333332 126.56243879291945
5.081333333333332 127.2258376090088
5.091333333333332 127.01626713711906
5.101333333333332 126.8712249402159
5.111333333333332 126.65408043567251
5.121333333333332 126.3584863006814
5.131333333333332 126.23761036044829
5.141333333333332 126.51772927147253
5.151333333333332 126.4953994180777
5.1613333333333316 126.4159884344991
5.171333333333332 126.14073503042783
5.181333333333332 125.20946436717551
5.191333333333332 125.03488702440485
5.201333333333332 124.0815506902179
5.211333333333332 121.21243316786999
5.221333333333332 119.5430172843786
5.231333333333332 115.6474022213714
5.241333333333332 113.96121329182677
5.251333333333332 111.21576876350359
5.261333333333332 107.8866491719467
5.271333333333332 106.65868650524433
5.281333333333332 105.43795078218506
5.291333333333332 104.86469950699183
5.301333333333332 105.05089019421725
5.311333333333332 104.4159600388115
5.321333333333332 104.7302807346804
5.331333333333332 104.43642298146948
5.341333333333332 104.77876679779473
5.351333333333332 104.49839784256234
5.361333333333332 105.28592607808334
5.371333333333332 105.04208407823256
5.381333333333332 105.29019745941933
5.391333333333332 105.1411543115921
5.401333333333332 105.08063118480896
5.4113333333333316 104.4899321729535
5.421333333333332 104.75811230294835
5.431333333333332 104.4483721357543
5.441333333333332 104.58438207827872
5.451333333333332 105.20233399859153
5.461333333333332 105.05440159500243
5.471333333333332 104.78424065537781
5.481333333333332 104.99914431632571
5.491333333333332 104.78667675475567
5.501333333333332 105.0090897147989
5.511333333333332 104.98412521881613
5.521333333333332 104.98465244517041
5.531333333333332 103.92855336898472
5.541333333333332 104.78169259305201
5.551333333333332 105.49966769255128
5.561333333333332 105.85057822078377
5.571333333333332 105.63357623705416
5.581333333333332 105.74470840158104
5.591333333333332 105.91981691433506
5.601333333333332 105.61421837735979
5.611333333333332 105.83773307313528
5.621333333333332 105.72233306829675
5.631333333333332 105.51803947663379
5.641333333333332 105.75962370142047
5.651333333333332 105.77906974940741
5.6613333333333316 105.69233912444102
5.671333333333332 105.99068086378895
5.681333333333332 105.52309571703064
5.691333333333332 105.05112033942089
5.701333333333332 105.36710472608384
5.711333333333332 104.94682173960746
5.721333333333332 105.0802205658181
5.731333333333332 104.73386999103208
5.741333333333332 104.80140313421005
5.751333333333332 104.80162735381559
5.761333333333332 104.90343873923825
5.771333333333332 105.36272943686957
5.781333333333332 106.0047812720227
5.791333333333332 106.00133485465042
5.801333333333332 105.68856896569008
5.811333333333332 105.28977164822146
5.821333333333332 105.72286438950502
5.831333333333332 105.733224170338
5.841333333333332 106.65580584912125
5.851333333333332 106.7241936481638
5.861333333333332 107.00276294145333
5.871333333333332 106.80693869311298
5.881333333333332 106.43716083985225
5.891333333333332 106.35107565493875
5.901333333333332 106.4277701759184
5.9113333333333316 106.47657239642668
5.921333333333332 106.34808059257517
5.931333333333332 105.16608853122868
5.941333333333332 105.02720621474812
5.951333333333332 103.99232144769253
5.961333333333332 102.85303061443165
5.971333333333332 106.04638122271786
5.981333333333332 106.66370431309537
5.991333333333332 106.4585438772987
6.001333333333332 106.82979184107822
6.011333333333332 106.47375072040296
6.021333333333332 106.31363662816216
6.031333333333332 106.29813921687962
6.041333333333332 106.61385190660883
6.051333333333332 106.77357310934384
6.061333333333332 107.37630963364059
6.071333333333332 106.60832349327728
6.081333333333332 105.82581446813055
6.091333333333332 105.86622717989323
6.101333333333332 105.65846326873572
6.111333333333332 107.24488780538987
6.121333333333332 106.97399096827039
6.131333333333332 107.46010940150157
6.141333333333332 108.7099354062145
6.151333333333332 107.57155296197854
6.161333333333332 106.51338940750993
6.171333333333332 106.44692530679909
6.181333333333332 106.33814603792287
6.191333333333332 106.23642506366036
6.201333333333332 107.57526897073781
6.211333333333332 108.73047456975829
6.221333333333332 107.11542269901408
6.231333333333332 101.6845640678409
6.241333333333332 94.43189201789419
6.331333333333332 104.97299058934335
6.341333333333332 105.10435743128777
6.351333333333332 103.79007212189282
6.361333333333332 103.4595088079876
6.371333333333332 103.94735172165376
6.381333333333332 104.43264191416156
6.391333333333332 105.92773130493755
6.401333333333332 106.15167376626744
6.411333333333332 105.98343900886204
6.421333333333332 106.27859156652211
6.431333333333332 106.89346548857661
6.441333333333332 106.90000512860868
6.451333333333332 106.83344351090201
6.461333333333332 107.15340666819063
6.471333333333332 106.72821956154634
6.481333333333332 107.11864323080987
6.491333333333332 107.56276273664486
6.501333333333332 107.63256055621389
6.511333333333332 107.18143200782657
6.521333333333332 107.49856562022138
6.531333333333332 107.46079858508439
6.541333333333332 106.77180023574286
6.551333333333332 106.6548052701514
6.561333333333332 107.12787815946588
6.571333333333332 106.87725120187017
6.581333333333332 106.93838816940982
6.591333333333332 106.84570869898238
6.601333333333332 106.83996969705417
6.611333333333332 106.93529977130883
6.621333333333332 106.39667166157383
6.631333333333332 106.50536452680565
6.641333333333332 106.67872840671284
6.651333333333332 106.3654856551219
6.661333333333332 106.67103461559397
6.671333333333332 106.25952371771416
6.681333333333332 106.44783298445572
6.691333333333332 106.76053462700406
6.701333333333332 106.60416103983393
6.711333333333332 106.78413934968114
6.721333333333332 106.99177627672265
6.731333333333332 106.8566159819408
6.741333333333332 106.12704695896441
6.751333333333332 105.86181173479878
6.761333333333332 105.90466610159488
6.771333333333332 106.14225788444297
6.781333333333332 105.7975066044026
6.791333333333332 105.64303565441097
6.801333333333332 105.9716434119132
6.811333333333332 105.90750729163844
6.821333333333332 105.9041279003217
6.831333333333332 105.9945907427804
6.841333333333332 105.76958711815188
6.851333333333332 106.10509231797708
6.861333333333332 105.83333893483507
6.871333333333332 105.86614407816774
6.881333333333332 106.0869986846204
6.891333333333332 106.43967213730083
6.901333333333332 106.39660938056198
6.911333333333332 105.56905962882091
6.921333333333332 105.92203200779
6.931333333333332 105.74965839651588
6.941333333333332 105.54345872575698
6.951333333333332 105.56696387264196
6.961333333333332 105.48773491031847
6.971333333333332 105.68727461811329
6.981333333333332 105.29240226886213
6.991333333333332 105.02088907600434
7.001333333333332 105.3709707888146
7.011333333333332 105.56206005266718
7.021333333333332 105.81328950087762
7.031333333333332 105.8696532738797
7.041333333333332 105.91276544132373
7.051333333333332 106.55799316233978
7.061333333333332 105.6627885068908
7.071333333333332 105.06622576056597
7.081333333333332 105.70433143705287
7.091333333333332 106.0845760093634
7.101333333333332 106.08397374344682
7.111333333333332 105.47198833176002
7.121333333333332 105.19504025508284
7.131333333333332 105.56695657607244
7.141333333333332 106.09336066292047
7.151333333333332 105.81973812411904
7.161333333333332 105.6093447914584
7.171333333333332 104.70413153386086
7.181333333333332 104.696429321973
7.191333333333332 104.70624277387378
7.201333333333332 105.35637520696022
7.211333333333332 105.56173165412935
7.221333333333332 104.53977928280501
7.231333333333332 103.29274422685504
8.291333333333332 131.43237620670956
8.301333333333332 128.1448854959408
8.311333333333334 129.74040415819766
8.321333333333334 131.23768142746414
8.331333333333333 132.95928742329463
8.341333333333333 132.70177675866833
8.351333333333333 134.41918400328882
8.361333333333333 132.7065839595165
8.371333333333332 132.65954574641677
8.381333333333332 132.65114984566102
8.391333333333334 131.82719520639773
8.401333333333334 131.79203643390514
8.411333333333333 132.02044254122603
8.421333333333333 131.67490106675666
8.431333333333333 132.04440410063245
8.441333333333333 132.5622186674006
8.451333333333333 132.2720707700095
8.461333333333332 131.4212152968954
8.471333333333332 130.69741389319614
8.481333333333334 130.78625662128277
8.491333333333333 131.12191511750345
8.501333333333333 131.09337643870418
8.511333333333333 131.01510337402792
8.521333333333333 130.9214867395154
8.531333333333333 131.07953651310538
8.541333333333332 130.4793472894815
8.551333333333332 130.28477198973007
8.561333333333334 129.97382503227897
8.571333333333334 129.62385475030075
8.581333333333333 129.58489925240215
8.591333333333333 129.39348274307227
8.601333333333333 129.27294174907033
8.611333333333333 129.3307371096615
8.621333333333332 129.05550065950004
8.631333333333332 129.02211628840936
8.641333333333334 128.4911448602845
8.651333333333334 127.97153705952738
8.661333333333333 127.90931065077221
8.671333333333333 127.96182481827265
8.681333333333333 127.5579213929718
8.691333333333333 127.65787321825643
8.701333333333333 127.66119966223584
8.711333333333332 127.64965603709882
8.721333333333334 128.1584145843201
8.731333333333334 128.16081863867436
8.741333333333333 127.89336715696318
8.751333333333333 127.67970487302097
8.761333333333333 127.61018716770207
8.771333333333333 127.28228625848917
8.781333333333333 126.85253341171776
8.791333333333332 126.75809632417152
8.801333333333332 126.8938490608813
8.811333333333334 127.1995395977378
8.821333333333334 126.93044820261356
8.831333333333333 126.38390977635065
8.841333333333333 126.0351195315278
8.851333333333333 125.84334015108533
8.861333333333333 126.17362905158554
8.871333333333332 126.35956584491797
8.881333333333332 126.20002367397805
8.891333333333334 126.37202161887994
8.901333333333334 126.22697209212225
8.911333333333333 126.54434688612764
8.921333333333333 126.48391711981083
8.931333333333333 126.57154784490669
8.941333333333333 126.84620999832524
8.951333333333333 127.00362381882788
8.961333333333332 127.41415815293223
8.971333333333334 127.55596201985
8.981333333333334 127.34817331352212
8.991333333333333 127.4119508455124
9.001333333333333 127.3342022488717
9.011333333333333 127.31493898329481
9.021333333333333 127.28488790863423
9.031333333333333 127.25221768215154
9.041333333333332 127.1625191001209
9.051333333333332 127.28121114977553
9.061333333333334 127.5822264741684
9.071333333333334 127.89560341597011
9.081333333333333 127.93679805853557
9.091333333333333 127.75690112152418
9.101333333333333 127.61295851810894
9.111333333333333 127.07634369975537
9.121333333333332 127.31966697175548
9.131333333333332 127.23231454879198
9.141333333333334 127.36838799607997
9.151333333333334 127.2492317123387
9.161333333333333 127.13314106492548
9.171333333333333 127.11473250570123
9.181333333333333 126.74801603384755
9.191333333333333 126.80457235436707
9.201333333333333 126.60540642924674
9.211333333333332 125.42550820771747
9.221333333333334 124.69819162238969
9.231333333333334 123.17487793591931
9.241333333333333 121.04065661860325
9.251333333333333 119.17170423045913
9.261333333333333 115.74488236100595
9.271333333333333 113.46282457481617
9.281333333333333 111.57127998638022
9.291333333333332 109.5989771764953
9.301333333333332 108.26097076013887
9.311333333333334 107.57297170864535
9.321333333333334 106.96686374998065
9.331333333333333 106.94510257163543
9.341333333333333 106.80799376744442
9.351333333333333 106.05477884038011
9.361333333333333 105.76843580100605
9.371333333333332 106.27957336111284
9.381333333333332 105.65750487111949
9.391333333333334 105.2000531764861
9.401333333333334 105.06551215614972
9.411333333333333 105.36737835674442
9.421333333333333 105.67250248043437
9.431333333333333 105.40746851811231
9.441333333333333 104.90908369244553
9.451333333333333 104.87398129935971
9.461333333333332 104.8565776561332
9.471333333333334 104.6879624793536
9.481333333333334 104.62457952958349
9.491333333333333 104.74800485874488
9.501333333333333 105.47658989142434
9.511333333333333 105.08196943778509
9.521333333333333 105.31000799985472
9.531333333333333 105.63317439002059
9.541333333333332 105.70967678294443
9.551333333333332 105.53564065605579
9.561333333333334 105.86310769228672
9.571333333333334 105.73086807862124
9.581333333333333 105.71267995306567
9.591333333333333 105.42913033908825
9.601333333333333 105.30631792079745
9.611333333333333 104.80703665898771
9.621333333333332 105.23084572955432
9.631333333333332 105.162280675989
9.641333333333334 105.19491631082792
9.651333333333334 105.56748067313158
9.661333333333333 105.1068573272703
9.671333333333333 104.65002578859936
9.681333333333333 104.86399703148803
9.691333333333333 104.79569580186113
9.701333333333333 104.83806250577592
9.711333333333332 104.73205052525486
9.721333333333334 104.50895460019316
9.731333333333334 104.32724616637076
9.741333333333333 103.90906206031939
9.751333333333333 104.42422952122094
9.761333333333333 104.839370389793
9.771333333333333 105.4538230078798
9.781333333333333 105.16146267284653
9.791333333333332 104.84621717266229
9.801333333333332 104.68144262962491
9.811333333333334 104.71652281500805
9.821333333333334 104.90846934910024
9.831333333333333 105.33177643972189
9.841333333333333 105.03207612490917
9.851333333333333 105.4548522987279
9.861333333333333 104.89050550155065
9.871333333333332 104.61828979127698
9.881333333333332 105.26603279495622
9.891333333333334 105.72831553727637
9.901333333333334 105.68467138034849
9.911333333333333 105.8211233112386
9.921333333333333 105.15834831128181
9.931333333333333 105.23367641870546
9.941333333333333 105.44234186498119
9.951333333333333 105.97185297912857
9.961333333333332 105.77658314225074
9.971333333333334 105.78370241216713
9.981333333333334 105.88570138066085
9.991333333333333 105.56233724398244
10.001333333333333 105.63868750784155
10.011333333333333 105.72156131910648
10.021333333333333 105.08558566805415
10.031333333333333 104.4706081681638
10.041333333333332 104.79634919984264
10.051333333333332 105.63050011847085
10.061333333333334 105.7312905697719
10.071333333333333 106.1018790669274
10.081333333333333 106.45609675964079
10.091333333333333 106.73302413309911
10.101333333333333 106.77773677361554
10.111333333333333 105.97889642067702
10.121333333333332 106.30431796342025
10.131333333333332 106.0365820625046
10.141333333333334 106.564472901593
10.151333333333334 106.28358945093304
10.161333333333333 106.61881966771826
10.171333333333333 108.23659339822082
10.181333333333333 107.30707247197807
10.191333333333333 106.9309284390514
10.201333333333332 106.40904939863088
10.211333333333332 106.61423640865131
10.221333333333334 106.85817899748757
10.231333333333334 107.48103152791771
10.241333333333333 107.16083092247645
10.251333333333333 106.73402938234828
10.261333333333333 110.186766201388
10.321333333333333 122.52485825584229
10.331333333333333 122.13923603482303
10.341333333333333 107.36738170266813
10.351333333333333 107.3864578860721
10.361333333333333 107.38814525314636
10.371333333333332 104.87286562448777
10.381333333333332 105.0154959980885
10.391333333333334 105.57751212649048
10.401333333333334 105.61839332989683
10.411333333333333 105.32154189129484
10.421333333333333 106.1190999398652
10.431333333333333 106.23402097747142
10.441333333333333 106.06657633412027
10.451333333333332 106.26791481798432
10.461333333333332 106.58243597897764
10.471333333333334 106.72235349601732
10.481333333333334 106.73377683354596
10.491333333333333 106.31639348095041
10.501333333333333 106.73739617005471
10.511333333333333 106.70336310705616
10.521333333333333 106.64576330333965
10.531333333333333 106.35986223666808
10.541333333333332 106.17068930268877
10.551333333333332 106.21473045313702
10.561333333333334 106.3048169469893
10.571333333333333 106.44775571246208
10.581333333333333 106.68376362892828
10.591333333333333 106.52352934813916
10.601333333333333 106.31897431059166
10.611333333333333 106.26128961432805
10.621333333333332 106.3196543568885
10.631333333333332 106.57603423784496
10.641333333333334 106.89536674039667
10.651333333333334 106.34428058206042
10.661333333333333 106.496340405409
10.671333333333333 106.64916064478967
10.681333333333333 106.3782304937329
10.691333333333333 106.25469672244687
10.701333333333332 106.27530245961718
10.711333333333332 106.47419528086625
10.721333333333334 106.39909671663894
10.731333333333334 106.5719618332463
10.741333333333333 106.72779234153998
10.751333333333333 106.1476985936542
10.761333333333333 106.0537941607741
10.771333333333333 105.98749630560374
10.781333333333333 106.17927858442236
10.791333333333332 106.7700905146279
10.801333333333332 106.62047040618822
10.811333333333334 106.41510447530781
10.821333333333333 106.19140726908562
10.831333333333333 106.48357793046655
10.841333333333333 106.3108414278043
10.851333333333333 105.78016999004653
10.861333333333333 106.33266981218607
10.871333333333332 106.33350047635138
10.881333333333332 106.26887818987967
10.891333333333334 106.22776105536138
10.901333333333334 106.38565216322314
10.911333333333333 106.59773927098605
10.921333333333333 106.51408654165105
10.931333333333333 106.70016776721457
10.941333333333333 106.54462575505836
10.951333333333332 106.39579216140109
10.961333333333332 106.25378309176605
10.971333333333334 106.59901422336065
10.981333333333334 106.66168513240974
10.991333333333333 106.49241777322929
11.001333333333333 105.83841621088078
11.011333333333333 105.69042019167136
11.021333333333333 105.46989204282924
11.031333333333333 105.26901475653253
11.041333333333332 105.44899025644479
11.051333333333332 105.46634581478236
11.061333333333334 105.61350477240858
11.071333333333333 106.11588772156055
11.081333333333333 106.69723882064704
11.091333333333333 106.54748304629948
11.101333333333333 106.5464901049944
11.111333333333333 107.18797757800739
11.121333333333332 107.6449318518432
11.131333333333332 106.89306857087787
11.141333333333334 106.31350129940975
11.151333333333334 106.89453878389793
11.161333333333333 105.47757364357363
11.171333333333333 105.16454807215683
12.301333333333334 117.93067375578512
12.311333333333334 120.02847627454281
12.321333333333333 121.09143117689901
12.331333333333333 121.74614084402619
12.341333333333333 122.77549995113361
12.351333333333333 124.72128749304436
12.361333333333333 125.50232630423763
12.371333333333332 125.65038203811527
12.381333333333332 125.32264466356446
12.391333333333334 124.84071214012083
12.401333333333334 126.09775435733476
12.411333333333333 124.79812005914032
12.421333333333333 125.20136452385725
12.431333333333333 124.44492371877807
12.441333333333333 124.2545883234583
12.451333333333332 123.96347946489807
12.461333333333332 124.62505716717656
12.471333333333334 124.53759244889193
12.481333333333334 124.15446386197023
12.491333333333333 124.57253982467843
12.501333333333333 124.51546071342293
12.511333333333333 124.43201643000566
12.521333333333333 124.37694444421096
12.531333333333333 124.3112743282121
12.541333333333332 124.52270826277613
12.551333333333334 124.29776498385066
12.561333333333334 124.17155670977237
12.571333333333333 123.84859117903727
12.581333333333333 123.40066431509649
12.591333333333333 123.68623872720002
12.601333333333333 123.93057480549942
12.611333333333333 124.36257155651322
12.621333333333332 124.17133899784068
12.631333333333332 123.96363840156167
12.641333333333334 123.80912491606549
12.651333333333334 123.84654296493339
12.661333333333333 124.09233356436776
12.671333333333333 123.89422826588508
12.681333333333333 123.85483807336195
12.691333333333333 123.88305695004183
12.701333333333332 123.87223031351694
12.711333333333332 123.94300473875407
12.721333333333334 124.07465763592195
12.731333333333334 124.14204927881225
12.741333333333333 124.18988912540533
12.751333333333333 124.07085634309087
12.761333333333333 124.21481119777317
12.771333333333333 124.38844289094837
12.781333333333333 124.68877020655894
12.791333333333332 124.56875215265741
12.801333333333334 124.19129335548331
12.811333333333334 123.56338199764957
12.821333333333333 123.51652651694312
12.831333333333333 123.78402016031586
12.841333333333333 123.55056150112112
12.851333333333333 123.2823189367566
12.861333333333333 123.27010788617919
12.871333333333332 123.58864076445866
12.881333333333332 123.76540601005047
12.891333333333334 123.82617255659616
12.901333333333334 123.9384868993606
12.911333333333333 124.29517047029925
12.921333333333333 124.96942475189518
12.931333333333333 125.32409943162716
12.941333333333333 125.25076258036316
12.951333333333332 125.40372398069574
12.961333333333332 125.47174199689947
12.971333333333334 125.82131254601788
12.981333333333334 125.5903989646807
12.991333333333333 125.70902350514223
13.001333333333333 126.14758945064051
13.011333333333333 125.80919115971122
13.021333333333333 125.99493766202286
13.031333333333333 126.06437569280824
13.041333333333332 125.77811674630927
13.051333333333334 125.7343412028884
13.061333333333334 125.93404256302082
13.071333333333333 125.72680008590874
13.081333333333333 125.8430353675918
13.091333333333333 125.90217393517209
13.101333333333333 126.26462045141707
13.111333333333333 126.26575024539746
13.121333333333332 126.16469608289542
13.131333333333332 126.15855381871317
13.141333333333334 125.93951335798863
13.151333333333334 126.05092091113887
13.161333333333333 125.92866428443224
13.171333333333333 125.66108849050273
13.181333333333333 125.57698508026176
13.191333333333333 125.4776457847069
13.201333333333332 125.1317112809737
13.211333333333332 124.88010652655139
13.221333333333334 124.17825013913746
13.231333333333334 123.1076065041331
13.241333333333333 121.86181644194193
13.251333333333333 119.83529418544504
13.261333333333333 118.62723622768257
13.271333333333333 115.06866074763312
13.281333333333333 113.77227058669337
13.291333333333332 110.33036349598049
13.301333333333334 108.31011431695357
13.311333333333334 107.38282605208742
13.321333333333333 106.42144654895117
13.331333333333333 105.85633700868212
13.341333333333333 106.10361046748638
13.351333333333333 105.72901439058708
13.361333333333333 105.54280088784161
13.371333333333332 105.1320805145373
13.381333333333332 104.99062947181912
13.391333333333334 105.3420299271552
13.401333333333334 105.40959429508818
13.411333333333333 105.6973666613747
13.421333333333333 105.58586782247545
13.431333333333333 105.4801085861125
13.441333333333333 106.12401289896646
13.451333333333332 106.15570810448646
13.461333333333332 106.03934833464167
13.471333333333334 105.89485783403858
13.481333333333334 106.04850651450977
13.491333333333333 106.70139118651797
13.501333333333333 106.08360681258551
13.511333333333333 105.63777059417178
13.521333333333333 106.1587806765092
13.531333333333333 106.17605599255624
13.541333333333332 106.43599944696459
13.551333333333334 106.44760597527133
13.561333333333334 106.469531752002
13.571333333333333 106.53512732267858
13.581333333333333 106.327495220015
13.591333333333333 106.36087704731182
13.601333333333333 106.54277641357426
13.611333333333333 106.42943405589531
13.621333333333332 106.168389409611
13.631333333333332 105.9258851216041
13.641333333333334 106.0798552365105
13.651333333333334 106.29529345936562
13.661333333333333 106.23807871476475
13.671333333333333 105.81989022815002
13.681333333333333 105.76585935020252
13.691333333333333 104.73853990133
13.701333333333332 104.50481301596513
13.711333333333332 104.23696243508533
13.721333333333334 105.04849630650732
13.731333333333334 105.38025089872873
13.741333333333333 105.25210478054089
13.751333333333333 105.55047346808384
13.761333333333333 105.74828046654164
13.771333333333333 105.87201705450032
13.781333333333333 105.54673745762454
13.791333333333332 105.98908002914084
13.801333333333334 105.9779137378014
13.811333333333334 105.79545366108529
13.821333333333333 105.94828446385824
13.831333333333333 105.71421106777628
13.841333333333333 105.31927709799616
13.851333333333333 105.73659420696129
13.861333333333333 105.65232187145803
13.871333333333332 105.948536637851
13.881333333333332 106.19037414231991
13.891333333333334 106.02380349727933
13.901333333333334 105.43532828502131
13.911333333333333 105.38533429452147
13.921333333333333 105.67388058273353
13.931333333333333 105.74402064159365
13.941333333333333 106.17217560083596
13.951333333333332 106.07370021389879
13.961333333333332 106.10616308591865
13.971333333333334 105.97759932632077
13.981333333333334 105.94313291043424
13.991333333333333 105.8056226644738
14.001333333333333 104.91075293994182
14.011333333333333 104.41471816090584
14.021333333333333 104.55246691259464
14.031333333333333 105.79853222936373
14.041333333333332 106.23007552965785
14.051333333333334 106.43534589083491
14.061333333333334 106.58106798067988
14.071333333333333 106.31291058345064
14.081333333333333 106.14308318807379
14.091333333333333 105.37622095745084
14.101333333333333 106.00744323288299
14.111333333333333 106.49628254322378
14.121333333333332 106.51077195336134
14.131333333333332 105.97946476832189
14.141333333333334 105.60206667511349
14.151333333333334 105.58968994747565
14.161333333333333 106.24971691154323
14.171333333333333 106.60774582635241
14.181333333333333 106.20478369437004
14.191333333333333 107.42488996099902
14.201333333333332 108.1355276838307
14.211333333333332 107.30084217998204
14.221333333333334 107.2647002375741
14.231333333333334 106.72563167419253
14.241333333333333 105.80088102916967
14.251333333333333 104.19753026145972
14.261333333333333 103.31597398268404
14.271333333333333 112.0186157949687
14.331333333333333 113.62148800490262
14.341333333333333 108.51805528600131
14.351333333333333 107.46615693510421
14.361333333333333 106.23066981222804
14.371333333333332 105.26604864583913
14.381333333333332 105.31102843512305
14.391333333333334 105.26754178787097
14.401333333333334 105.05738221681078
14.411333333333333 105.21632861795976
14.421333333333333 105.01956931735597
14.431333333333333 105.85811513273607
14.441333333333333 106.10111206527696
14.451333333333332 106.04403015718525
14.461333333333332 105.93719410471247
14.471333333333334 105.97613133666805
14.481333333333334 106.65778257944731
14.491333333333333 106.32585842273512
14.501333333333333 106.74975387149206
14.511333333333333 107.1037981183502
14.521333333333333 107.12712075818749
14.531333333333333 107.11959828703019
14.541333333333332 106.84632089220338
14.551333333333334 106.46428189259048
14.561333333333334 105.871305860187
14.571333333333333 105.46052231661957
14.581333333333333 105.6577299263297
14.591333333333333 105.68784614861504
14.601333333333333 106.05369735387244
14.611333333333333 106.03074209308306
14.621333333333332 105.69123065789509
14.631333333333332 106.1663067618675
14.641333333333334 106.40081019926254
14.651333333333334 106.42070505412923
14.661333333333333 106.20957318893487
14.671333333333333 106.65961612948702
14.681333333333333 106.48748053215499
14.691333333333333 106.05698189054239
14.701333333333332 105.78337344537647
14.711333333333332 105.64628932040156
14.721333333333334 105.52965229616751
14.731333333333334 105.57957488863342
14.741333333333333 106.4263240814714
14.751333333333333 106.00539923041191
14.761333333333333 105.51112033598795
14.771333333333333 105.50536607811391
14.781333333333333 105.4524959891137
14.791333333333332 104.92583153011797
14.801333333333334 105.04973551883613
14.811333333333334 105.15242888944269
14.821333333333333 105.45900268651648
14.831333333333333 105.66276942441507
14.841333333333333 105.64049623420016
14.851333333333333 105.29878256301507
14.861333333333333 105.28357469701575
14.871333333333332 105.41751728915581
14.881333333333332 105.5887317987483
14.891333333333334 105.60357031194435
14.901333333333334 105.39133442616713
14.911333333333333 105.3236332624654
14.921333333333333 105.46712636729319
14.931333333333333 106.04275957674861
14.941333333333333 106.18113051327862
14.951333333333332 105.98859642568823
14.961333333333332 105.67099176386772
14.971333333333334 105.40809531476569
14.981333333333334 105.21035910610374
14.991333333333333 105.43280414434818
15.001333333333333 105.45462068108066
15.011333333333333 105.53430521742055
15.021333333333333 105.2855648467865
15.031333333333333 105.26354824504465
15.041333333333332 105.12608363918937
15.051333333333334 104.98241655029001
15.061333333333334 104.814499916896
15.071333333333333 104.64093679450438
15.081333333333333 104.80406946461075
15.091333333333333 105.19181188405001
15.101333333333333 105.41002715966393
15.111333333333333 105.59353246173686
15.121333333333332 105.07389693669042
15.131333333333332 105.06780270016034
15.141333333333334 105.40399434300174
15.151333333333334 105.32386655545535
15.161333333333333 105.51818747867443
15.171333333333333 104.46868153902979
