0.051734693877552335 117.27776995338753
0.06173469387755233 112.04272591424599
0.07173469387755234 113.28483672220656
0.08173469387755233 117.19407649523477
0.09173469387755234 120.4274641553371
0.16173469387755235 117.29714768339156
0.17173469387755233 117.69969847215827
0.18173469387755234 110.92523485887709
0.19173469387755235 110.65393652619915
0.20173469387755233 109.366500036291
0.21173469387755234 108.58620005145355
0.22173469387755235 107.25073333915552
0.23173469387755233 106.93955230265631
0.24173469387755234 106.65900788717293
0.2517346938775523 106.64572696848113
0.2617346938775523 107.23799675531218
0.27173469387755234 107.28032301134466
0.28173469387755234 106.87997499569656
0.29173469387755235 106.45774744434202
0.30173469387755236 106.58325272263843
0.3117346938775523 106.85362152392905
0.3217346938775523 106.47496483801406
0.33173469387755233 107.12552385342924
0.34173469387755234 107.11436177391342
0.35173469387755235 107.19711059310066
0.36173469387755236 107.02223089147964
0.37173469387755237 107.22601001968117
0.3817346938775523 106.58840612326755
0.39173469387755233 106.3776423970514
0.40173469387755234 106.4230365003012
0.41173469387755235 106.46231626120854
0.42173469387755236 105.96242855037715
0.43173469387755237 105.8365826398106
0.4417346938775523 105.81018751931566
0.45173469387755233 106.13781037425993
0.46173469387755234 106.3522302454356
0.47173469387755235 107.10247177991701
0.48173469387755236 107.24404510354682
0.49173469387755236 106.52936234269478
0.5017346938775523 106.44499405179464
0.5117346938775523 106.01791935977263
0.5217346938775523 106.3943492616732
0.5317346938775523 105.82115562561599
0.5417346938775524 106.01325649912098
0.5517346938775524 106.38872453502373
0.5617346938775524 106.33837983339204
0.5717346938775524 106.12856995367532
0.5817346938775524 106.1134036426262
0.5917346938775524 105.86383312759169
0.6017346938775523 106.49244800827957
0.6117346938775523 107.05042420221214
0.6217346938775523 106.803546378099
0.6317346938775523 106.9425595747814
0.6417346938775523 107.40369169090235
0.6517346938775523 107.0336769594281
0.6617346938775524 107.48752025983046
0.6717346938775524 108.08967899821009
0.6817346938775524 107.52466099869844
0.6917346938775524 107.56566141530084
0.7017346938775524 107.16269471085606
0.7117346938775524 107.20515500405037
0.7217346938775524 107.04830890811155
0.7317346938775523 106.83218555716623
0.7417346938775523 106.65926146108715
0.7517346938775523 107.4555557770979
0.7617346938775523 107.7033529485555
0.7717346938775523 107.5384890063999
0.7817346938775523 107.89260666308694
0.7917346938775524 107.89907409418763
0.8017346938775524 107.64752681454499
0.8117346938775524 107.9538460916821
0.8217346938775524 108.61629179972309
0.8317346938775524 108.2692624521227
0.8417346938775524 107.98937088673433
0.8517346938775524 108.22602785748415
0.8617346938775523 108.28079679679286
0.8717346938775523 107.89606681254635
0.8817346938775523 107.82782601244404
0.8917346938775523 107.48595510212068
0.9017346938775523 106.79069571981474
0.9117346938775524 107.17576842482237
0.9217346938775524 107.08444303737771
0.9317346938775524 107.20978816415295
0.9417346938775524 107.76668811284014
0.9517346938775524 108.01874926503817
0.9617346938775524 107.79760370384788
0.9717346938775524 107.53038206065881
0.9817346938775523 107.39186844562235
0.9917346938775523 107.21473178737446
1.0017346938775522 107.2322758350279
1.0117346938775522 107.30383869463499
1.0217346938775522 107.28161813731408
1.0317346938775522 107.44455596900502
1.0417346938775522 106.91441556920005
1.0517346938775523 107.0077014481545
1.0617346938775523 106.97202690480515
1.0717346938775523 107.64552111841333
1.0817346938775523 108.26971227597038
1.0917346938775523 109.75215990300696
1.1017346938775523 111.3309948951092
1.1117346938775523 113.7075234729546
1.1217346938775523 116.8083403963703
1.1317346938775523 119.57138270806179
1.1417346938775523 122.89619131546432
1.1517346938775523 125.61624272991006
1.1617346938775523 129.04254036832424
1.1717346938775524 131.82972946563746
1.1817346938775521 133.3878910919598
1.1917346938775522 133.4150708647545
1.2017346938775522 133.66542990272393
1.2117346938775522 133.66728237922175
1.2217346938775522 133.1546619632368
1.2317346938775522 132.55403017473887
1.2417346938775522 132.2293206980537
1.2517346938775522 131.7539896313155
1.2617346938775522 130.93119876397023
1.2717346938775522 130.30994009364497
1.2817346938775522 130.0478768246614
1.2917346938775522 130.22746026670978
1.3017346938775523 130.1483599102328
1.3117346938775523 130.06439429579726
1.3217346938775523 130.33381563917405
1.3317346938775523 130.5282446693953
1.3417346938775523 130.05594388024656
1.3517346938775523 129.67527848008885
1.3617346938775523 129.2775724657413
1.3717346938775523 129.20656646132878
1.3817346938775523 128.4140122755027
1.3917346938775523 127.84356872946321
1.4017346938775523 128.15759702587033
1.4117346938775523 128.01744638202734
1.4217346938775524 127.94388044545116
1.4317346938775521 128.1446973562112
1.4417346938775522 127.87075134396315
1.4517346938775522 128.05278395543934
1.4617346938775522 128.12487140804265
1.4717346938775522 128.21647049815644
1.4817346938775522 128.7401058749001
1.4917346938775522 128.85762213797136
1.5017346938775522 128.86244209975865
1.5117346938775522 129.07251527549582
1.5217346938775522 128.96317545081894
1.5317346938775522 128.83645758569403
1.5417346938775522 128.72984058583242
1.5517346938775523 128.59624585327077
1.5617346938775523 128.43198647487733
1.5717346938775523 128.22038392538042
1.5817346938775523 128.21333050842017
1.5917346938775523 128.152616872612
1.6017346938775523 128.04259652945797
1.6117346938775523 128.3663355925823
1.6217346938775523 128.40129842197257
1.6317346938775523 128.48935300695837
1.6417346938775523 128.51804051775508
1.6517346938775523 128.3803643593746
1.6617346938775523 128.5740347244045
1.6717346938775524 128.50690633124634
1.6817346938775524 128.34503684264584
1.6917346938775522 128.30560246214952
1.7017346938775522 128.75173717115814
1.7117346938775522 128.71269110684906
1.7217346938775522 128.6808451246355
1.7317346938775522 128.66910059177442
1.7417346938775522 128.4940830310444
1.7517346938775522 128.23822303948526
1.7617346938775522 128.23033317920383
1.7717346938775522 128.07184717032627
1.7817346938775522 127.85753328702397
1.7917346938775522 127.78718670695197
1.8017346938775523 127.95416630248423
1.8117346938775523 127.81692634575154
1.8217346938775523 127.74734383929656
1.8317346938775523 127.80767535716676
1.8417346938775523 127.92779359681377
1.8517346938775523 127.70489307414813
1.8617346938775523 127.53842705912233
1.8717346938775523 127.73770179670778
1.8817346938775523 128.00219020619662
1.8917346938775523 128.00788595878726
1.9017346938775523 128.07401875161236
1.9117346938775523 128.0957182601784
1.9217346938775524 128.15646807529328
1.9317346938775524 128.10379080169267
1.9417346938775522 128.16891236924542
1.9517346938775522 128.39611238198347
1.9617346938775522 128.3748172710137
1.9717346938775522 128.18018802528795
1.9817346938775522 128.29216975811403
1.9917346938775522 128.65211142551559
2.001734693877552 128.8260896024309
2.0117346938775524 128.90587687946348
2.0217346938775522 128.89964664142354
2.0317346938775525 128.93444197211636
2.0417346938775522 128.94131926559675
2.0517346938775525 128.9020597958143
2.0617346938775523 129.043233404301
2.071734693877552 129.21867947883896
2.0817346938775523 129.00994791437014
2.091734693877552 128.8687228805726
2.1017346938775523 128.89071041588363
2.111734693877552 128.906934655622
2.1217346938775523 128.77357219256314
2.131734693877552 128.4258827688871
2.1417346938775523 127.67682872176772
2.151734693877552 127.06888002431118
2.1617346938775523 126.81973837359088
2.171734693877552 127.38162334329934
2.1817346938775524 129.06777987404925
2.191734693877552 128.9837485440737
2.2017346938775524 128.0704968197798
2.211734693877552 128.18380070261946
2.2217346938775524 130.11324877106892
2.231734693877552 130.40116963678534
2.2417346938775524 130.19951026164574
2.251734693877552 132.7055999788793
2.2617346938775524 134.83526354180546
2.2717346938775522 137.8619636850636
3.0617346938775523 119.56336370388487
3.0717346938775525 117.82224650475708
3.361734693877552 123.57608601600235
3.3717346938775523 121.24570980432924
3.381734693877552 120.27288496859246
4.101734693877552 129.22171603384118
4.111734693877552 115.82619348122573
4.121734693877552 113.49775146821472
4.1317346938775525 111.36609555169589
4.141734693877552 110.19230044546141
4.151734693877552 110.27888520885496
4.161734693877552 110.47396865222356
4.171734693877553 110.344312633713
4.181734693877552 109.79018708056331
4.191734693877552 109.24606301277791
4.201734693877552 108.85437736396035
4.211734693877553 108.38878751279833
4.221734693877552 108.09589396615725
4.231734693877552 107.90971935130784
4.241734693877552 107.7273285567347
4.251734693877553 107.44424464923115
4.261734693877552 107.30635443991913
4.271734693877552 105.87648450836677
4.281734693877552 105.79471522031939
4.291734693877553 105.97068438267023
4.3017346938775525 105.42471417613477
4.311734693877552 105.07816686747512
4.321734693877552 104.96093207956605
4.331734693877553 105.27057242183406
4.3417346938775525 105.92998327195872
4.351734693877552 105.9583197909897
4.361734693877552 105.50472952755473
4.371734693877553 105.43579082315873
4.3817346938775525 105.13565039969741
4.391734693877552 104.96240176691492
4.401734693877552 105.41738859200247
4.411734693877552 105.74479238979441
4.421734693877553 105.37183364839765
4.431734693877552 105.76763665167309
4.441734693877552 105.67842097483445
4.451734693877552 105.7309223753287
4.461734693877553 105.82671494166112
4.471734693877552 106.01662471090079
4.481734693877552 106.28709449183897
4.491734693877552 105.83774739669812
4.501734693877553 105.18335018666072
4.511734693877552 105.7003684624536
4.521734693877552 105.69775644006864
4.531734693877552 105.46823393586861
4.541734693877553 105.52168001117519
4.5517346938775525 105.3070482081651
4.561734693877552 105.40323150291864
4.571734693877552 105.46083948681316
4.581734693877553 105.78089989569507
4.5917346938775525 105.48955214877726
4.601734693877552 105.59854405951351
4.611734693877552 105.07923658346978
4.621734693877553 104.65950860673514
4.6317346938775525 104.68938809299219
4.641734693877552 104.7551147281165
4.651734693877552 105.07143175179488
4.661734693877552 105.55240004754371
4.671734693877553 105.76269720738335
4.681734693877552 105.66151605670322
4.691734693877552 105.97324939129531
4.701734693877552 106.2967643863474
4.711734693877553 106.67012177210455
4.721734693877552 106.13456791156207
4.731734693877552 105.60129908859514
4.741734693877552 105.81653886232179
4.751734693877553 105.92274444288107
4.761734693877552 105.56429577090617
4.771734693877552 105.59114753502406
4.781734693877552 105.65701717730688
4.791734693877553 105.36921070745314
4.8017346938775525 105.43493402395671
4.811734693877552 105.72085845919668
4.821734693877552 105.54949720592207
4.831734693877553 105.15587726211932
4.8417346938775525 104.97678431445235
4.851734693877552 105.61509831860052
4.861734693877552 105.48747447669557
4.871734693877553 105.45176402319947
4.8817346938775525 105.28225627707201
4.891734693877552 105.32103799224835
4.901734693877552 105.44565462459144
4.911734693877552 105.57398132862743
4.921734693877553 105.73607515653597
4.931734693877552 105.52781859556664
4.941734693877552 105.71185561576463
4.951734693877552 105.56530280505153
4.961734693877553 105.19248753731806
4.971734693877552 105.16836893399922
4.981734693877552 104.80205066141829
4.991734693877552 104.60982296707715
5.001734693877553 104.24512886167075
5.011734693877552 104.0582566701462
5.021734693877552 104.19340108878502
5.031734693877552 103.98804171091561
5.041734693877553 104.30675610543744
5.0517346938775525 104.62485521770623
5.061734693877552 105.00373388109432
5.071734693877552 105.13333630290074
5.081734693877553 105.71298103619651
5.0917346938775525 108.8227927442122
5.101734693877552 111.2933588263973
5.111734693877552 113.81184461692915
5.121734693877553 115.85096888385597
5.1317346938775525 119.11203177998424
5.141734693877552 121.76668554921784
5.151734693877552 123.63700366474724
5.161734693877552 126.01656167743931
5.171734693877553 127.23669388386003
5.181734693877552 127.80969873390386
5.191734693877552 127.8536555470218
5.201734693877552 128.0333149064724
5.211734693877553 128.16223516378057
5.221734693877552 128.10941468584664
5.231734693877552 127.95648826417242
5.241734693877552 127.86182423849564
5.251734693877553 127.71789852006478
5.261734693877552 127.84421144505487
5.271734693877552 128.05485491167948
5.281734693877552 128.04449993514788
5.291734693877553 128.0501784865476
5.3017346938775525 128.08358618578512
5.311734693877552 127.97972297507357
5.321734693877552 127.96220978544783
5.331734693877553 127.7786435870436
5.3417346938775525 127.43581997784472
5.351734693877552 127.44101306874849
5.361734693877552 127.91585018228227
5.371734693877553 128.16521188323955
5.3817346938775525 128.03444468565777
5.391734693877552 127.54086335324452
5.401734693877552 126.63248694326303
5.411734693877552 126.53690631373232
5.421734693877553 126.29217046612729
5.431734693877552 126.08709822542755
5.441734693877552 126.37351888959606
5.451734693877552 126.52469569429108
5.461734693877553 126.81918501051229
5.471734693877552 127.3515268122694
5.481734693877552 127.36309721437102
5.491734693877552 127.44319344163789
5.501734693877553 128.16143676840824
5.511734693877552 128.03205678097763
5.521734693877552 128.33886832712173
5.531734693877552 128.56787847378547
5.541734693877553 128.5017103821299
5.5517346938775525 128.53831511779654
5.561734693877552 128.5408503824473
5.571734693877552 128.25097187023408
5.581734693877553 128.17941465279728
5.5917346938775525 127.87507150082008
5.601734693877552 127.85522547794015
5.611734693877552 127.3769682156337
5.621734693877553 127.438023695726
5.6317346938775525 127.64823216977922
5.641734693877552 127.53761622020443
5.651734693877552 127.58261239926506
5.661734693877552 127.73414501777646
5.671734693877553 127.91785678036757
5.681734693877552 127.72228596345505
5.691734693877552 127.51500988134492
5.701734693877552 127.76340545843951
5.711734693877553 127.85622577386751
5.721734693877552 127.76049017409593
5.731734693877552 127.98618382175137
5.741734693877552 127.81376850442864
5.751734693877553 128.28223519011604
5.761734693877552 128.4185912774274
5.771734693877552 128.24241914721898
5.781734693877552 127.98134065453773
5.791734693877553 127.813966064403
5.8017346938775525 128.02830753698373
5.811734693877552 128.08237273599917
5.821734693877552 127.70547129635861
5.831734693877553 127.46029374560558
5.8417346938775525 127.11996817260676
5.851734693877552 127.18174573617506
5.861734693877552 127.49300612669036
5.871734693877553 127.29770349272788
5.8817346938775525 126.8227437266857
5.891734693877552 126.6481000501139
5.901734693877552 126.59676920172036
5.911734693877552 126.58717100204836
5.921734693877553 126.65559680621745
5.931734693877552 126.69620404519749
5.941734693877552 127.0753326765888
5.951734693877552 127.11822098364264
5.961734693877553 126.92018629887241
5.971734693877552 126.77610514868239
5.981734693877552 127.06607923570232
5.991734693877552 127.12727621554681
6.001734693877553 126.92477982512979
6.011734693877552 126.84990452866039
6.021734693877552 127.06710268244508
6.031734693877552 127.33906942179476
6.041734693877553 127.10631408980018
6.0517346938775525 127.09085580355996
6.061734693877552 126.96370447155319
6.071734693877552 126.96175107780448
6.081734693877553 126.79327279685803
6.0917346938775525 126.68885297431595
6.101734693877552 126.27928073887513
6.111734693877552 126.10399584574465
6.121734693877553 125.79205428864577
6.1317346938775525 126.01692306067443
6.141734693877552 125.7178574368784
6.151734693877552 125.5786906531927
6.161734693877553 126.36635102493732
6.171734693877553 127.38442653524778
6.181734693877552 127.8505568633514
6.191734693877552 128.73307880515023
6.201734693877552 129.3412421558666
6.211734693877553 129.57141892137562
6.221734693877552 129.58747411820713
6.231734693877552 129.3418492902038
6.241734693877552 130.01391356434019
6.251734693877553 133.27577478253724
6.261734693877552 133.33017855768514
6.271734693877552 128.14474816449012
8.171734693877554 115.77050962295438
8.181734693877553 106.59000510903411
8.191734693877553 105.94027299328089
8.201734693877553 105.64251160413343
8.211734693877553 105.29526509391178
8.221734693877552 105.07713392271069
8.231734693877554 105.12913142030702
8.241734693877554 105.03080796680405
8.251734693877554 104.74499077853585
8.261734693877553 104.77184358298257
8.271734693877553 104.80679373950288
8.281734693877553 104.8853499620308
8.291734693877553 104.91480145492865
8.301734693877553 105.12840325369683
8.311734693877554 105.16817550259155
8.321734693877554 105.23428945948208
8.331734693877554 105.22512965764848
8.341734693877553 104.94098912282337
8.351734693877553 104.77103711956914
8.361734693877553 105.16543782334166
8.371734693877553 105.43172814839639
8.381734693877553 105.5509491461489
8.391734693877554 105.72280568923834
8.401734693877554 105.35316782290437
8.411734693877554 105.54780566221538
8.421734693877554 105.80170609912571
8.431734693877553 104.59868945199851
8.441734693877553 105.91093508983941
8.451734693877553 105.80477576615213
8.461734693877553 105.75998096907732
8.471734693877552 105.8093404555568
8.481734693877554 106.18039898239034
8.491734693877554 106.78290991258805
8.501734693877554 106.86383804449785
8.511734693877553 106.37968450747422
8.521734693877553 106.260310493725
8.531734693877553 106.18066039734278
8.541734693877553 105.9402912022343
8.551734693877553 106.11777142344462
8.561734693877554 106.21571575143497
8.571734693877554 106.45744930758936
8.581734693877554 106.4749413440004
8.591734693877553 106.08239419826016
8.601734693877553 105.9928033228372
8.611734693877553 105.90698986054745
8.621734693877553 105.54118299114182
8.631734693877553 105.06370868663844
8.641734693877554 105.27767743033702
8.651734693877554 104.85671873201024
8.661734693877554 105.00928542477499
8.671734693877554 104.98077012818527
8.681734693877553 105.0725182679698
8.691734693877553 105.43132577462596
8.701734693877553 105.73571604008308
8.711734693877553 105.76597797017232
8.721734693877554 105.52511564888282
8.731734693877554 105.172685378493
8.741734693877554 105.53774351621225
8.751734693877554 106.09277712657702
8.761734693877553 106.07692510366097
8.771734693877553 106.48464188675848
8.781734693877553 105.59717305102991
8.791734693877553 105.03883815014619
8.801734693877553 105.3152840377769
8.811734693877554 105.68476336248959
8.821734693877554 105.52771379604934
8.831734693877554 105.73573019434497
8.841734693877553 105.58364417924665
8.851734693877553 105.80633445834583
8.861734693877553 105.42163568421489
8.871734693877553 104.17314251877168
8.881734693877553 104.78069261036545
8.891734693877554 105.37693077402602
8.901734693877554 104.91900020817907
8.911734693877554 105.63317243658459
8.921734693877554 105.71420971694357
8.931734693877553 105.28282625470739
8.941734693877553 104.87042589350483
8.951734693877553 105.16793612578094
8.961734693877553 105.03877029126494
8.971734693877554 105.63367820210047
8.981734693877554 105.82153597485583
8.991734693877554 106.05021595669861
9.001734693877554 105.8818539303727
9.011734693877553 105.14730564497205
9.021734693877553 104.9093013501408
9.031734693877553 104.81546089091484
9.041734693877553 104.7239361346034
9.051734693877553 104.59850731704358
9.061734693877554 104.38549512072517
9.071734693877554 104.87846039145025
9.081734693877554 105.37773991367673
9.091734693877553 107.45008157654372
9.101734693877553 109.00796919027948
9.111734693877553 111.65203261838046
9.121734693877553 113.98907128700797
9.131734693877553 116.36069037490188
9.141734693877554 118.96407729045254
9.151734693877554 120.67932835037278
9.161734693877554 122.93510936143493
9.171734693877554 124.94950078410248
9.181734693877553 126.41140574476208
9.191734693877553 127.55944862230358
9.201734693877553 128.30806066717815
9.211734693877553 128.20365846191305
9.221734693877554 128.05610890862715
9.231734693877554 127.88393154418887
9.241734693877554 127.92922696832863
9.251734693877554 127.70203443903759
9.261734693877553 127.30532485194645
9.271734693877553 127.34593995223123
9.281734693877553 127.5732074281173
9.291734693877553 127.21728190267362
9.301734693877553 127.06810474133012
9.311734693877554 126.60576503882982
9.321734693877554 126.60773857604836
9.331734693877554 126.89754025106534
9.341734693877553 126.72320240647552
9.351734693877553 126.61462075795616
9.361734693877553 126.88715115631881
9.371734693877553 126.92065092589226
9.381734693877553 126.87393486858704
9.391734693877554 127.09467064704722
9.401734693877554 127.2822777021349
9.411734693877554 127.15157483786622
9.421734693877554 127.18824653171676
9.431734693877553 127.31174352431525
9.441734693877553 127.54076799597128
9.451734693877553 127.47845241435016
9.461734693877553 127.48690782096368
9.471734693877554 127.86492835913377
9.481734693877554 128.1318377881414
9.491734693877554 128.37410978262946
9.501734693877554 127.93027136718271
9.511734693877553 127.73378181062178
9.521734693877553 127.57687959441316
9.531734693877553 127.48906005871841
9.541734693877553 126.83969180681811
9.551734693877553 126.52835722964333
9.561734693877554 126.35685104898708
9.571734693877554 126.24656204303253
9.581734693877554 125.93466551992411
9.591734693877553 125.83939703102025
9.601734693877553 125.82621662644418
9.611734693877553 125.64010424801171
9.621734693877553 125.94213469418014
9.631734693877553 125.98221575439668
9.641734693877554 125.38097802841317
9.651734693877554 125.36295565579309
9.661734693877554 125.16984033904468
9.671734693877554 125.25201212500399
9.681734693877553 125.27997936226394
9.691734693877553 125.45158543484017
9.701734693877553 125.42219880513302
9.711734693877553 125.31653999058013
9.721734693877554 125.21892946252218
9.731734693877554 125.4950347054068
9.741734693877554 125.44044803562352
9.751734693877554 125.62220200134915
9.761734693877553 125.74823087927679
9.771734693877553 125.70273387431965
9.781734693877553 125.87352689089671
9.791734693877553 126.14470340716844
9.801734693877553 126.28845406450594
9.811734693877554 126.26067356343589
9.821734693877554 126.34220075855066
9.831734693877554 126.78377815699021
9.841734693877553 127.20991535971514
9.851734693877553 127.02001022491142
9.861734693877553 126.65345930129746
9.871734693877553 125.87120627461675
9.881734693877553 125.4675293050075
9.891734693877554 125.41683427055716
9.901734693877554 125.06609403718653
9.911734693877554 125.28503069176995
9.921734693877554 125.71435399153293
9.931734693877553 125.51718491067952
9.941734693877553 125.71082227464466
9.951734693877553 126.29120441320093
9.961734693877553 126.24550095172775
9.971734693877554 126.56351581318197
9.981734693877554 126.82555845118479
9.991734693877554 127.1058207981951
10.001734693877554 127.21596266218535
10.011734693877553 127.29319665217669
10.021734693877553 127.32601505075178
10.031734693877553 127.27682856249352
10.041734693877553 127.39474761630686
10.051734693877552 127.02182418341575
10.061734693877554 126.63703212945825
10.071734693877554 126.48767294370867
10.081734693877554 126.52383289766675
10.091734693877553 126.3596209881959
10.101734693877553 126.62699591711588
10.111734693877553 126.74536816600246
10.121734693877553 126.61228578378768
10.131734693877553 126.55345021926873
10.141734693877554 126.42686234635391
10.151734693877554 126.79940198332444
10.161734693877554 127.09861688255579
10.171734693877553 127.37982870513531
10.181734693877553 128.26155375691494
10.191734693877553 130.06742061023638
10.201734693877553 131.07925694585236
10.211734693877553 130.26809739769774
10.221734693877554 129.90041548729593
10.231734693877554 129.34687177244513
10.241734693877554 131.17383913331307
10.251734693877554 130.91253820877245
10.261734693877553 130.31485230102072
10.271734693877553 129.6452453227647
10.281734693877553 129.98162463795217
10.291734693877553 129.65062160360677
10.301734693877552 125.74114199312353
12.121734693877553 273.07689110490514
12.131734693877553 269.09603544475425
12.141734693877554 265.97079482395856
12.161734693877554 95.1148054466169
12.171734693877553 111.05605541347637
12.181734693877553 110.77787018497915
12.191734693877553 103.03159749242008
12.201734693877553 102.34859592297593
12.211734693877553 101.98273506665602
12.221734693877554 101.34693594442005
12.231734693877554 101.85915162063188
12.241734693877554 102.76126337914211
12.251734693877554 102.8116616508268
12.261734693877553 103.03682401477809
12.271734693877553 102.91939165991393
12.281734693877553 102.31301358507123
12.291734693877553 102.87300247441404
12.301734693877554 102.66105590957979
12.311734693877554 103.34459964685544
12.321734693877554 103.34826894911262
12.331734693877554 104.17145509350686
12.341734693877553 104.64138964524825
12.351734693877553 104.40624446165106
12.361734693877553 104.91457576251487
12.371734693877553 104.9063394553709
12.381734693877553 105.17086912381676
12.391734693877554 105.9144855147362
12.401734693877554 106.12376870866923
12.411734693877554 106.00178174284207
12.421734693877553 106.16391931545576
12.431734693877553 105.5634409331784
12.441734693877553 106.39216520346599
12.451734693877553 106.25736571549274
12.461734693877553 106.47993708691754
12.471734693877554 106.34326709352894
12.481734693877554 105.91832060618646
12.491734693877554 105.9032509282909
12.501734693877554 105.16965705552828
12.511734693877553 105.62858891557133
12.521734693877553 105.76178871093954
12.531734693877553 105.65689492731018
12.541734693877553 105.12817937481536
12.551734693877554 105.04458365710984
12.561734693877554 104.81257865622226
12.571734693877554 105.06598848208378
12.581734693877554 105.22649728402001
12.591734693877553 104.9899344747922
12.601734693877553 105.00364982719114
12.611734693877553 104.95436384297442
12.621734693877553 105.69859739236078
12.631734693877553 105.98544663226086
12.641734693877554 105.45015664332422
12.651734693877554 105.67845035388828
12.661734693877554 105.74812591734376
12.671734693877553 105.4300559078422
12.681734693877553 105.9173498481224
12.691734693877553 106.1264981559463
12.701734693877553 105.93661974030971
12.711734693877553 105.91711557820688
12.721734693877554 105.74606929742114
12.731734693877554 105.61115486737913
12.741734693877554 105.89938009806683
12.751734693877554 105.90826798080262
12.761734693877553 105.80859412875363
12.771734693877553 105.15461864316457
12.781734693877553 104.82974674931376
12.791734693877553 105.19517016793222
12.801734693877554 105.20725264621117
12.811734693877554 105.26185909562572
12.821734693877554 105.89682912389245
12.831734693877554 105.08717732369577
12.841734693877553 104.96809407391154
12.851734693877553 105.18211457934427
12.861734693877553 105.30440788636022
12.871734693877553 105.26055734535899
12.881734693877553 105.3430995771676
12.891734693877554 105.48431040841004
12.901734693877554 105.60015931981061
12.911734693877554 105.7851538917454
12.921734693877553 105.76939504262327
12.931734693877553 105.69365255821906
12.941734693877553 105.50444152183536
12.951734693877553 105.75618474979241
12.961734693877553 104.81846455183951
12.971734693877554 104.36399853044843
12.981734693877554 105.10053652851659
12.991734693877554 104.87338643324276
13.001734693877554 105.79089826594945
13.011734693877553 105.82745127388377
13.021734693877553 106.2759644588152
13.031734693877553 106.68067202735072
13.041734693877553 106.54281555248456
13.051734693877554 106.66074301461045
13.061734693877554 106.63334887478872
13.071734693877554 106.73735280803736
13.081734693877554 107.78046628903134
13.091734693877553 108.7670950831006
13.101734693877553 109.80288672882122
13.111734693877553 111.1361728703875
13.121734693877553 112.45928487609662
13.131734693877553 114.91797733276601
13.141734693877554 117.40973268301944
13.151734693877554 120.35926347078848
13.161734693877554 122.68909864299397
13.171734693877553 124.21990948965315
13.181734693877553 125.34348937347207
13.191734693877553 126.455621838604
13.201734693877553 127.24115991446872
13.211734693877553 127.83977923711491
13.221734693877554 127.92569174884517
13.231734693877554 127.99366406872379
13.241734693877554 128.40337986215914
13.251734693877554 128.47631713640467
13.261734693877553 128.47261706880036
13.271734693877553 128.49500649075745
13.281734693877553 128.63491361757292
13.291734693877553 128.74868726674782
13.301734693877554 128.5908369426985
13.311734693877554 128.4309978798262
13.321734693877554 128.31121488384917
13.331734693877554 128.0521323564005
13.341734693877553 127.94771354405589
13.351734693877553 127.71130854786352
13.361734693877553 127.26616670888752
13.371734693877553 127.1492005126045
13.381734693877553 127.2523645686587
13.391734693877554 127.22294460327122
13.401734693877554 127.31235144509992
13.411734693877554 127.26438337575487
13.421734693877553 127.45146203943577
13.431734693877553 127.51526503711749
13.441734693877553 127.5801239318932
13.451734693877553 127.49329109428778
13.461734693877553 127.7278370561186
13.471734693877554 127.77455874128205
13.481734693877554 127.64610381316261
13.491734693877554 127.62372360852694
13.501734693877554 128.03658876536733
13.511734693877553 128.05614950613568
13.521734693877553 127.93888884639257
13.531734693877553 128.1469780618411
13.541734693877553 128.11740063669802
13.551734693877554 128.11871786494467
13.561734693877554 128.0210018169802
13.571734693877554 127.98435271320575
13.581734693877554 128.0376438815565
13.591734693877553 127.79563112208126
13.601734693877553 127.7818626851822
13.611734693877553 127.69573611656241
13.621734693877553 127.5629196817419
13.631734693877553 127.63594943461173
13.641734693877554 127.70632799244729
13.651734693877554 127.69209591880066
13.661734693877554 127.48521610847044
13.671734693877553 127.4212572857639
13.681734693877553 127.15036193421744
13.691734693877553 127.4156276588389
13.701734693877553 127.25094845435363
13.711734693877553 127.11632123342714
13.721734693877554 126.83837766618547
13.731734693877554 126.66646152947877
13.741734693877554 126.24590881796748
13.751734693877554 125.93069704320304
13.761734693877553 125.84185504037795
13.771734693877553 126.16351195161869
13.781734693877553 126.26726008551228
13.791734693877553 126.06632011244837
13.801734693877554 126.47740099975026
13.811734693877554 126.55242094182695
13.821734693877554 126.75182830311215
13.831734693877554 127.22564783306453
13.841734693877553 127.39266409427007
13.851734693877553 127.6559164630609
13.861734693877553 127.31190143625874
13.871734693877553 127.25779225288585
13.881734693877553 127.45963716163087
13.891734693877554 127.16756254688332
13.901734693877554 126.7639628258039
13.911734693877554 126.891264007311
13.921734693877553 126.46790650501949
13.931734693877553 126.38447375761638
13.941734693877553 126.24273410154764
13.951734693877553 126.31988555122346
13.961734693877553 126.38369894288562
13.971734693877554 126.39219245851845
13.981734693877554 126.63187720177878
13.991734693877554 126.89302342481741
14.001734693877554 126.96959618843609
14.011734693877553 126.85278905841909
14.021734693877553 126.82384794858378
14.031734693877553 126.91175445156149
14.041734693877553 126.99135171573994
14.051734693877554 126.79781484409855
14.061734693877554 126.70429319620622
14.071734693877554 126.62626394917075
14.081734693877554 126.64334250265476
14.091734693877553 126.68286837196375
14.101734693877553 126.81526495194078
14.111734693877553 126.40113762536
14.121734693877553 126.26024113635653
14.131734693877553 126.16560497728544
14.141734693877554 127.28830570164497
14.151734693877554 128.6826851539447
14.161734693877554 129.42000346051543
14.171734693877553 128.368519611063
14.181734693877553 127.09508540484981
14.191734693877553 127.04834845139408
14.201734693877553 128.73334076043966
14.211734693877553 129.0059171369731
14.221734693877554 129.46410060401175
14.231734693877554 131.59133793518953
14.251734693877554 125.666866007654
14.261734693877553 121.90332884380906
14.271734693877553 123.59556665201474
14.281734693877553 125.36116134830064
14.411734693877554 119.34178854347705
14.421734693877553 122.34541464230266
14.431734693877553 115.94270394488902
14.461734693877553 125.8816313174561
14.471734693877554 119.12806952739348
14.481734693877554 115.34532833208931
14.491734693877554 109.16529500735304
14.941734693877553 119.90096328524285
