0.17173469387755233 121.50437994206848
0.18173469387755234 122.43046460631274
0.19173469387755235 112.966659910906
0.20173469387755233 110.86292192193623
0.21173469387755234 109.98108115627956
0.22173469387755235 108.92318829587614
0.23173469387755233 108.81635071584591
0.24173469387755234 109.04932440376238
0.2517346938775523 107.98176704860846
0.2617346938775523 107.29839024342391
0.27173469387755234 106.41740536851601
0.28173469387755234 107.1286786621475
0.29173469387755235 107.91480589190974
0.30173469387755236 108.82203829386503
0.3117346938775523 108.58661467694017
0.3217346938775523 108.47308886314138
0.33173469387755233 109.02680106629542
0.34173469387755234 109.34535083829724
0.35173469387755235 108.28249262557968
0.36173469387755236 108.22663831582062
0.37173469387755237 108.18452177772338
0.3817346938775523 108.28291522842078
0.39173469387755233 108.33219317448388
0.40173469387755234 108.0380332242016
0.41173469387755235 108.14213955063337
0.42173469387755236 107.94395740159014
0.43173469387755237 107.80799666641785
0.4417346938775523 107.27487579618831
0.45173469387755233 106.87540864400721
0.46173469387755234 106.99747203910819
0.47173469387755235 107.08643526509076
0.48173469387755236 107.31691523980534
0.49173469387755236 107.37905210606601
0.5017346938775523 107.59492524220116
0.5117346938775523 108.03489440008927
0.5217346938775523 108.58860059451055
0.5317346938775523 108.29055843601208
0.5417346938775524 107.82246974230391
0.5517346938775524 108.43588343800027
0.5617346938775524 108.14752457480486
0.5717346938775524 107.90649966413241
0.5817346938775524 108.34750399864605
0.5917346938775524 108.19169712377257
0.6017346938775523 108.15748563498585
0.6117346938775523 108.43789216905509
0.6217346938775523 107.7693428264304
0.6317346938775523 107.14126267622636
0.6417346938775523 107.47078403679731
0.6517346938775523 107.24515682860466
0.6617346938775524 106.80952791189577
0.6717346938775524 106.75808754327048
0.6817346938775524 106.91637806606872
0.6917346938775524 107.33109912390498
0.7017346938775524 107.46972178789309
0.7117346938775524 107.71504846505918
0.7217346938775524 107.82663933900629
0.7317346938775523 108.04932596767979
0.7417346938775523 108.23571104333108
0.7517346938775523 108.43450983962131
0.7617346938775523 108.39136378470933
0.7717346938775523 108.41501460886535
0.7817346938775523 108.61802712715652
0.7917346938775524 109.24435673486559
0.8017346938775524 109.483677789363
0.8117346938775524 109.11789359179392
0.8217346938775524 108.43533280627729
0.8317346938775524 108.50559215172909
0.8417346938775524 108.82351574246302
0.8517346938775524 108.95792805147413
0.8617346938775523 108.26692368515288
0.8717346938775523 107.70129407490835
0.8817346938775523 107.11365472208752
0.8917346938775523 107.38987505956752
0.9017346938775523 107.61382066291384
0.9117346938775524 108.13458473652172
0.9217346938775524 108.09804185909178
0.9317346938775524 108.28851708168204
0.9417346938775524 108.21800917162875
0.9517346938775524 108.18814522521227
0.9617346938775524 108.93143745304693
0.9717346938775524 109.03675530309235
0.9817346938775523 108.95372192329089
0.9917346938775523 108.55781608448977
1.0017346938775522 107.76895585912726
1.0117346938775522 107.8962451995892
1.0217346938775522 107.28865483770976
1.0317346938775522 107.13767611542814
1.0417346938775522 106.94989200902435
1.2517346938775522 133.47663034099878
1.2617346938775522 142.68709876534285
1.2717346938775522 139.9699701294219
1.2817346938775522 136.93182969953443
1.2917346938775522 135.57990116517786
1.3017346938775523 134.79391564915565
1.3117346938775523 134.3538924494583
1.3217346938775523 133.94904590423707
1.3317346938775523 132.91612276715696
1.3417346938775523 132.29423741677107
1.3517346938775523 131.30330324716013
1.3617346938775523 130.65921343796654
1.3717346938775523 130.68718585542408
1.3817346938775523 130.819409366734
1.3917346938775523 130.91287705144512
1.4017346938775523 130.63207149081066
1.4117346938775523 130.35894154194418
1.4217346938775524 130.2634620678286
1.4317346938775521 130.0457329473173
1.4417346938775522 130.0570887562691
1.4517346938775522 129.76361797097968
1.4617346938775522 129.88828882335034
1.4717346938775522 129.9952078856209
1.4817346938775522 130.34000664679849
1.4917346938775522 130.4548046632067
1.5017346938775522 130.60283367654048
1.5117346938775522 130.39230149453022
1.5217346938775522 130.16559895257097
1.5317346938775522 129.9770157617008
1.5417346938775522 129.70545702742666
1.5517346938775523 129.61491428421473
1.5617346938775523 129.314606389219
1.5717346938775523 129.27522227957797
1.5817346938775523 129.4745658879305
1.5917346938775523 129.5998489441741
1.6017346938775523 129.68862783123788
1.6117346938775523 129.94123822773528
1.6217346938775523 129.9500036534374
1.6317346938775523 129.80409617425187
1.6417346938775523 129.66827519164806
1.6517346938775523 129.5329271565222
1.6617346938775523 129.3682306262101
1.6717346938775524 129.36770856338185
1.6817346938775524 129.33739763955265
1.6917346938775522 129.5422914992574
1.7017346938775522 129.43679619592672
1.7117346938775522 129.19590316941617
1.7217346938775522 129.257454124334
1.7317346938775522 129.43125170152572
1.7417346938775522 129.54204955380175
1.7517346938775522 129.43631256880872
1.7617346938775522 129.33600365128956
1.7717346938775522 129.61229822639532
1.7817346938775522 129.95361521349548
1.7917346938775522 130.31039796302824
1.8017346938775523 130.22124735303856
1.8117346938775523 130.08084090751169
1.8217346938775523 130.28107060701134
1.8317346938775523 130.43849272281707
1.8417346938775523 130.56944862854508
1.8517346938775523 130.6058451453386
1.8617346938775523 130.48939391246142
1.8717346938775523 130.6708920058452
1.8817346938775523 130.98535711977348
1.8917346938775523 131.01954886500954
1.9017346938775523 131.26784590334964
1.9117346938775523 131.24470577589406
1.9217346938775524 131.16632246052905
1.9317346938775524 131.10187687633737
1.9417346938775522 131.18921686687912
1.9517346938775522 131.28250335278787
1.9617346938775522 131.1767003144747
1.9717346938775522 131.07469716790416
1.9817346938775522 130.76251330721036
1.9917346938775522 130.6729014489511
2.001734693877552 130.68367313084815
2.0117346938775524 130.82482465530177
2.0217346938775522 131.09712563206224
2.0317346938775525 131.14195124766036
2.0417346938775522 131.05118738715095
2.0517346938775525 131.0467138718107
2.0617346938775523 131.0605181449112
2.071734693877552 131.10704826216897
2.0817346938775523 131.0389762653451
2.091734693877552 131.0970171277442
2.1017346938775523 131.08652476036545
2.111734693877552 131.19439339917164
2.1217346938775523 130.7721147878994
2.131734693877552 129.7416271343893
2.1417346938775523 128.49937545373808
2.151734693877552 128.8658621110821
2.1617346938775523 129.64686077610074
2.171734693877552 130.12425873958824
2.1817346938775524 130.06261872625134
2.191734693877552 130.15833876762284
2.2017346938775524 130.0313117647191
2.211734693877552 129.92520677905534
2.2217346938775524 129.78186561867125
2.231734693877552 129.8197351693064
2.2417346938775524 129.61801426500787
2.251734693877552 128.92341823183816
2.2617346938775524 129.26691851740983
2.2717346938775522 129.98741636730824
2.2817346938775525 130.0992728628035
2.2917346938775522 130.3479592583396
2.3017346938775525 130.6462867291085
2.3117346938775523 131.02159591914636
2.3217346938775525 130.63845374074333
2.3317346938775523 132.71453399796158
2.341734693877552 134.6866074908824
2.3517346938775523 129.16861453798356
2.361734693877552 126.59702844471909
4.111734693877552 117.64999721872002
4.121734693877552 115.5177533206898
4.1317346938775525 114.1099921004116
4.141734693877552 112.84815727931327
4.151734693877552 108.70121980131431
4.161734693877552 109.58443696029784
4.171734693877553 110.2934990340156
4.181734693877552 110.0026963092487
4.191734693877552 109.8236495280813
4.201734693877552 109.97278990847482
4.211734693877553 109.52071658367146
4.221734693877552 108.88992399597261
4.231734693877552 109.08167341193955
4.241734693877552 108.84183722486176
4.251734693877553 108.0542932514084
4.261734693877552 107.98258708357223
4.271734693877552 108.21397197860982
4.281734693877552 107.94422543674115
4.291734693877553 107.19434811654456
4.3017346938775525 107.08323603229081
4.311734693877552 107.03144419065558
4.321734693877552 107.18234626222875
4.331734693877553 106.69365616481748
4.3417346938775525 106.80698847202179
4.351734693877552 107.45188840270832
4.361734693877552 107.31201771192833
4.371734693877553 107.14356616847763
4.3817346938775525 107.10682191101554
4.391734693877552 107.77519086428458
4.401734693877552 108.08041916374425
4.411734693877552 107.89818633331781
4.421734693877553 107.71431580238462
4.431734693877552 108.11306584580964
4.441734693877552 107.9965729209897
4.451734693877552 108.36209204993966
4.461734693877553 108.5138530361192
4.471734693877552 108.5863142068386
4.481734693877552 108.28640218129193
4.491734693877552 107.96748873580759
4.501734693877553 107.77119960936933
4.511734693877552 107.67665597587403
4.521734693877552 107.52029506523873
4.531734693877552 107.08665600636581
4.541734693877553 107.22496403463249
4.5517346938775525 107.14572050148455
4.561734693877552 106.83383114871688
4.571734693877552 106.53666510292103
4.581734693877553 106.9431043495477
4.5917346938775525 107.70202140267502
4.601734693877552 107.73221853024786
4.611734693877552 107.60205608472953
4.621734693877553 107.8834892242556
4.6317346938775525 108.13884397706859
4.641734693877552 107.94004277611849
4.651734693877552 108.26388073206637
4.661734693877552 108.07040848619691
4.671734693877553 108.29911117457328
4.681734693877552 108.14442295091659
4.691734693877552 107.61221775575225
4.701734693877552 107.62645363175056
4.711734693877553 107.43300910334911
4.721734693877552 107.47048532769075
4.731734693877552 107.04165988323902
4.741734693877552 106.67777395614814
4.751734693877553 106.49814592188419
4.761734693877552 106.9640738141447
4.771734693877552 106.85698711450408
4.781734693877552 106.8995383507969
4.791734693877553 106.91580744728294
4.8017346938775525 106.74805294230083
4.811734693877552 106.61053259972674
4.821734693877552 107.41863975583676
4.831734693877553 106.99064866075037
4.8417346938775525 106.92456819753967
4.851734693877552 107.12709957504352
4.861734693877552 107.11194381923615
4.871734693877553 106.69626852499191
4.8817346938775525 106.44585660336412
4.891734693877552 105.97794213462822
4.901734693877552 105.7770895461792
4.911734693877552 106.47425220606584
4.921734693877553 106.78334771281314
4.931734693877552 106.70856842239384
4.941734693877552 106.39832360387048
4.951734693877552 105.74555548012933
4.961734693877553 103.64598726609022
4.971734693877552 104.78410487907132
5.171734693877553 134.2996130082018
5.181734693877552 136.20810810813492
5.191734693877552 135.37312691042433
5.201734693877552 134.45467407722703
5.211734693877553 133.5087957499245
5.221734693877552 132.8019851885065
5.231734693877552 132.49665361421657
5.241734693877552 132.6215330812671
5.251734693877553 132.57915562059736
5.261734693877552 132.55954085898756
5.271734693877552 132.47092106406987
5.281734693877552 132.7309420333226
5.291734693877553 132.80599155339422
5.3017346938775525 132.49304663854792
5.311734693877552 132.2471956167986
5.321734693877552 131.9029106264841
5.331734693877553 132.03871688131798
5.3417346938775525 132.0542268944743
5.351734693877552 132.4097879402401
5.361734693877552 131.93172865058244
5.371734693877553 131.51776946083498
5.3817346938775525 131.2619897658191
5.391734693877552 130.81956090846143
5.401734693877552 130.56504442309523
5.411734693877552 130.71096166700488
5.421734693877553 130.75273355734828
5.431734693877552 130.44270077788204
5.441734693877552 130.45927757904226
5.451734693877552 130.40171532508128
5.461734693877553 130.59723617776092
5.471734693877552 130.86624759339009
5.481734693877552 130.81286091068307
5.491734693877552 130.64741596743434
5.501734693877553 130.5291726149914
5.511734693877552 130.2174830631969
5.521734693877552 130.3405351662572
5.531734693877552 130.4212984759416
5.541734693877553 130.17154885866813
5.5517346938775525 130.14471576209573
5.561734693877552 130.25765379991023
5.571734693877552 130.3015319780693
5.581734693877553 130.19197379915684
5.5917346938775525 130.16158029732733
5.601734693877552 129.87532567641517
5.611734693877552 129.66879062979262
5.621734693877553 129.70092811004517
5.6317346938775525 129.67035695257752
5.641734693877552 129.4875649731376
5.651734693877552 129.27005096917492
5.661734693877552 128.9502368785448
5.671734693877553 128.9701691768019
5.681734693877552 129.3146386036018
5.691734693877552 129.56620150144354
5.701734693877552 129.97419355854788
5.711734693877553 129.91387206970433
5.721734693877552 129.73038960560072
5.731734693877552 129.8489336513744
5.741734693877552 130.01675451799952
5.751734693877553 130.38968795156464
5.761734693877552 130.33779306211872
5.771734693877552 130.29126230832568
5.781734693877552 130.3087077222265
5.791734693877553 130.31720333159336
5.8017346938775525 130.15232592210987
5.811734693877552 130.20240118000413
5.821734693877552 130.33523040064873
5.831734693877553 130.19766259400345
5.8417346938775525 130.02657048881497
5.851734693877552 130.13600579884454
5.861734693877552 130.25010160185604
5.871734693877553 130.18747180039057
5.8817346938775525 130.37562219394783
5.891734693877552 130.63095173286138
5.901734693877552 130.5804818351658
5.911734693877552 130.60754190052558
5.921734693877553 130.45872569456125
5.931734693877552 130.15525218646133
5.941734693877552 129.71328231883666
5.951734693877552 129.46218980450345
5.961734693877553 129.56645988750236
5.971734693877552 129.66718803955519
5.981734693877552 130.21337841117142
5.991734693877552 130.7492171285406
6.001734693877553 130.56932626441224
6.011734693877552 130.25431230490236
6.021734693877552 130.34894526065654
6.031734693877552 130.38186428732234
6.041734693877553 130.1349869393979
6.0517346938775525 129.7959912660463
6.061734693877552 129.58494011403846
6.071734693877552 129.3290717290384
6.081734693877553 128.70960875423904
6.0917346938775525 127.69530786562952
6.101734693877552 128.8240463700087
6.111734693877552 128.90224624002647
6.121734693877553 129.18703384248062
6.1317346938775525 128.79736557127802
6.141734693877552 128.6061163899479
6.151734693877552 128.59723492209267
6.161734693877553 128.67169014810952
6.171734693877553 129.1296399620129
6.181734693877552 129.49844258804106
6.191734693877552 129.89527857351206
6.201734693877552 131.11618418345267
6.211734693877553 130.40688830407973
6.221734693877552 130.5310497786286
6.231734693877552 130.69205924510553
6.241734693877552 129.2897281781894
6.251734693877553 130.13376246663273
6.261734693877552 129.66091810520695
6.271734693877552 130.3245789449554
6.281734693877552 131.13645087548704
6.291734693877553 129.33426053069988
6.871734693877553 121.64576494168894
8.191734693877553 106.71688563933087
8.201734693877553 107.78956411958646
8.211734693877553 107.2347109466153
8.221734693877552 106.70638813236354
8.231734693877554 106.55186618298103
8.241734693877554 105.92176924832333
8.251734693877554 105.52413595452403
8.261734693877553 105.19809005773092
8.271734693877553 105.21319647115703
8.281734693877553 104.60527828511952
8.291734693877553 104.06925691669197
8.301734693877553 104.0316989287146
8.311734693877554 103.9189725686908
8.321734693877554 103.97771645009932
8.331734693877554 104.57892100155016
8.341734693877553 104.19045212249078
8.351734693877553 104.40567647692733
8.361734693877553 103.9662805339039
8.371734693877553 103.98911733528035
8.381734693877553 103.87620539449107
8.391734693877554 103.91835529905681
8.401734693877554 104.08220639330878
8.411734693877554 103.99372937730269
8.421734693877554 103.5492399442235
8.431734693877553 103.91928887182448
8.441734693877553 104.06754004368287
8.451734693877553 104.6032428550027
8.461734693877553 104.70050956853422
8.471734693877552 104.92466778663892
8.481734693877554 104.861178751663
8.491734693877554 104.78284885006984
8.501734693877554 104.582591812049
8.511734693877553 105.40225618195308
8.521734693877553 105.4991293700192
8.531734693877553 105.372368698055
8.541734693877553 105.10765162185079
8.551734693877553 105.09603077284153
8.561734693877554 105.1162132240009
8.571734693877554 105.14753838308354
8.581734693877554 104.81294795491947
8.591734693877553 104.90886421469793
8.601734693877553 104.922502266853
8.611734693877553 104.39107911531197
8.621734693877553 104.31927476772302
8.631734693877553 104.57951445355191
8.641734693877554 104.17531665902499
8.651734693877554 104.03275441009032
8.661734693877554 104.3816007258443
8.671734693877554 104.74427299754863
8.681734693877553 104.28248734372139
8.691734693877553 104.38159054439483
8.701734693877553 104.81568774492385
8.711734693877553 105.1371554980754
8.721734693877554 104.60931862100489
8.731734693877554 104.17448227426915
8.741734693877554 104.34409304114877
8.751734693877554 104.37684939842224
8.761734693877553 104.4059127945152
8.771734693877553 104.90249474914543
8.781734693877553 105.54077661983501
8.791734693877553 105.96219610008717
8.801734693877553 106.08667261646792
8.811734693877554 106.39220881645994
8.821734693877554 106.7820382792376
8.831734693877554 106.72952360555357
8.841734693877553 107.34672134223395
8.851734693877553 106.9314323640163
8.861734693877553 106.91500030113069
8.871734693877553 106.74190231825429
8.881734693877553 106.82430721332183
8.891734693877554 106.76528263388253
8.901734693877554 106.93127363292888
8.911734693877554 106.81169060875816
8.921734693877554 106.82732989406433
8.931734693877553 107.21097975173983
8.941734693877553 107.231331263073
8.951734693877553 107.00282272361945
8.961734693877553 106.43622680364989
8.971734693877554 105.21361397645664
8.981734693877554 105.82192984460967
9.201734693877553 139.7222822542162
9.211734693877553 138.065908450923
9.221734693877554 139.68569097433559
9.231734693877554 136.23494219123316
9.241734693877554 135.52051260708947
9.251734693877554 135.10320691717263
9.261734693877553 134.83401263740396
9.271734693877553 134.73317624839325
9.281734693877553 134.6763969183961
9.291734693877553 134.65675991920034
9.301734693877553 134.47145805540475
9.311734693877554 134.2078787221906
9.321734693877554 133.89362671917743
9.331734693877554 133.85862821408733
9.341734693877553 133.76165154898408
9.351734693877553 133.7293423798547
9.361734693877553 133.5717451303465
9.371734693877553 133.54789983011878
9.381734693877553 133.14979241813538
9.391734693877554 132.82407704298325
9.401734693877554 132.53313871115114
9.411734693877554 132.07351846111231
9.421734693877554 132.0300941674316
9.431734693877553 131.4417302095525
9.441734693877553 131.13277030596439
9.451734693877553 131.33096711860435
9.461734693877553 131.21546436332957
9.471734693877554 131.11366710633442
9.481734693877554 131.0312117740494
9.491734693877554 131.1408737252814
9.501734693877554 131.30518734423075
9.511734693877553 131.3453320418971
9.521734693877553 131.1803565831618
9.531734693877553 131.3473394030243
9.541734693877553 131.40798631926165
9.551734693877553 131.1686105643567
9.561734693877554 130.7405763905834
9.571734693877554 130.55994624220435
9.581734693877554 130.41690737015176
9.591734693877553 130.36568896236375
9.601734693877553 130.34080763064205
9.611734693877553 129.89732749722486
9.621734693877553 129.8658198969068
9.631734693877553 129.8906263579328
9.641734693877554 130.14464988781248
9.651734693877554 129.9650834995497
9.661734693877554 129.6067793235446
9.671734693877554 129.43375021517855
9.681734693877553 129.64737676360687
9.691734693877553 129.75259992115755
9.701734693877553 129.86041138462855
9.711734693877553 129.76573245035888
9.721734693877554 129.36255059965228
9.731734693877554 129.32102237540363
9.741734693877554 129.39866839729805
9.751734693877554 129.6440179470683
9.761734693877553 130.01928836163145
9.771734693877553 129.9089209010992
9.781734693877553 129.4776271814435
9.791734693877553 129.19182688433622
9.801734693877553 129.16152512036174
9.811734693877554 129.13525459228083
9.821734693877554 129.24107069415908
9.831734693877554 129.40362409257997
9.841734693877553 129.17561533440724
9.851734693877553 129.23056241193012
9.861734693877553 129.27795544430649
9.871734693877553 129.1457233148671
9.881734693877553 129.13201412889293
9.891734693877554 129.05340103209025
9.901734693877554 129.27435262744743
9.911734693877554 129.39883582930779
9.921734693877554 129.22511827209735
9.931734693877553 129.08955498298536
9.941734693877553 129.2830641455914
9.951734693877553 129.29845939836997
9.961734693877553 129.2406931508752
9.971734693877554 129.12726074103284
9.981734693877554 129.14387043759575
9.991734693877554 129.1137122609398
10.001734693877554 129.05642699010858
10.011734693877553 129.10208378207795
10.021734693877553 129.05162206861894
10.031734693877553 128.9326074991247
10.041734693877553 128.79175408583808
10.051734693877552 128.4679902954128
10.061734693877554 128.33403958525187
10.071734693877554 128.26025865910444
10.081734693877554 127.2075573101399
10.091734693877553 126.60204564644896
10.101734693877553 127.35852429185798
10.111734693877553 127.09626836897644
10.121734693877553 126.83435175030507
10.131734693877553 126.89256543977861
10.141734693877554 126.3186700199427
10.151734693877554 126.2400878406828
10.161734693877554 127.18581614015103
10.171734693877553 127.10482144925413
10.181734693877553 126.39941636558896
10.191734693877553 126.44807451184961
10.201734693877553 126.4397664228785
10.211734693877553 126.58604395646297
10.221734693877554 127.35994975861783
10.231734693877554 128.257046345584
10.241734693877554 129.65701882361967
10.251734693877554 133.0150707192242
10.261734693877553 131.37288380057893
11.441734693877553 108.79743271308797
11.451734693877553 114.54874328096375
12.121734693877553 112.36081246788459
12.131734693877553 111.99527876831638
12.141734693877554 108.89131310343804
12.151734693877554 108.61528483470013
12.161734693877554 106.46932151919741
12.171734693877553 106.52678870142236
12.181734693877553 105.9586858696205
12.191734693877553 104.64712041365948
12.201734693877553 104.49708162436048
12.211734693877553 104.62164687128475
12.221734693877554 104.36510255143533
12.231734693877554 104.32900420604749
12.241734693877554 103.62619502215382
12.251734693877554 104.05139927757055
12.261734693877553 104.09090541443071
12.271734693877553 104.46851881375031
12.281734693877553 104.50611818860801
12.291734693877553 104.86838375704436
12.301734693877554 105.3823678982486
12.311734693877554 106.00514477624742
12.321734693877554 106.02781170066736
12.331734693877554 106.10160154800397
12.341734693877553 105.60746319919217
12.351734693877553 105.52152506480732
12.361734693877553 105.20320663860211
12.371734693877553 105.39517669578944
12.381734693877553 105.60683415407668
12.391734693877554 105.77486289542189
12.401734693877554 105.81644644302517
12.411734693877554 106.07460624182204
12.421734693877553 105.98673502201613
12.431734693877553 105.98884068838946
12.441734693877553 105.09011172093085
12.451734693877553 104.49437800487627
12.461734693877553 104.89555670319218
12.471734693877554 104.8181632270209
12.481734693877554 104.84014172947067
12.491734693877554 104.78019125992894
12.501734693877554 104.29524974569509
12.511734693877553 103.77968033129483
12.521734693877553 104.04450824980977
12.531734693877553 104.90327427775425
12.541734693877553 104.68709861584775
12.551734693877554 104.63844799824474
12.561734693877554 104.69885761344707
12.571734693877554 104.61232616133992
12.581734693877554 104.79929147086123
12.591734693877553 104.95247416873805
12.601734693877553 105.64418535142572
12.611734693877553 105.56439140398464
12.621734693877553 106.048891702136
12.631734693877553 105.97998933498585
12.641734693877554 105.75685056029425
12.651734693877554 105.63440857692571
12.661734693877554 105.34352655605709
12.671734693877553 104.97181053090327
12.681734693877553 104.92275151995625
12.691734693877553 104.51548284045256
12.701734693877553 105.19388858624308
12.711734693877553 105.35337006617766
12.721734693877554 105.08951704814278
12.731734693877554 105.45038901216626
12.741734693877554 105.96800204139508
12.751734693877554 105.91491315189442
12.761734693877553 105.37566688984646
12.771734693877553 105.43818735718439
12.781734693877553 105.64804635078305
12.791734693877553 105.98036054424716
12.801734693877554 106.23327796034995
12.811734693877554 106.57233251824772
12.821734693877554 106.76429502523982
12.831734693877554 106.77277545966238
12.841734693877553 106.80760745060587
12.851734693877553 106.77269934260093
12.861734693877553 106.80163181001943
12.871734693877553 106.92850468834956
12.881734693877553 107.00389388294782
12.891734693877554 107.1932348489242
12.901734693877554 107.44892102876618
12.911734693877554 107.67163195634231
12.921734693877553 108.37714132673769
12.931734693877553 108.77636867661133
12.941734693877553 108.3389705272531
12.951734693877553 107.2373151330492
12.961734693877553 109.4912373559947
13.181734693877553 131.84991473979525
13.191734693877553 133.38574814906
13.201734693877553 132.32479125864222
13.211734693877553 131.16609975479983
13.221734693877554 129.7620097273944
13.231734693877554 129.09123525887864
13.241734693877554 128.98245996134438
13.251734693877554 128.81972290713287
13.261734693877553 128.91415341846186
13.271734693877553 129.36043218263376
13.281734693877553 129.74097301408082
13.291734693877553 129.64838406482738
13.301734693877554 129.87367065015223
13.311734693877554 129.7456659240381
13.321734693877554 129.4405814067178
13.331734693877554 129.51476984151327
13.341734693877553 129.44929577828324
13.351734693877553 129.45764498960673
13.361734693877553 129.3424880948397
13.371734693877553 129.10597437451128
13.381734693877553 129.0522050379078
13.391734693877554 128.80862854878836
13.401734693877554 128.56485668490788
13.411734693877554 128.55312256956668
13.421734693877553 128.43742595231816
13.431734693877553 128.32493329124858
13.441734693877553 128.06133753242412
13.451734693877553 127.96951301168318
13.461734693877553 127.90470202607754
13.471734693877554 127.79084083251836
13.481734693877554 127.90921453204524
13.491734693877554 128.15862606860577
13.501734693877554 127.86543472009373
13.511734693877553 128.10142298812417
13.521734693877553 128.250837378149
13.531734693877553 128.3205169017786
13.541734693877553 128.12522765989712
13.551734693877554 127.89974721116242
13.561734693877554 127.84203640210323
13.571734693877554 127.97293403876597
13.581734693877554 127.9517670516263
13.591734693877553 127.92494794048092
13.601734693877553 127.86674084189174
13.611734693877553 127.81008158465268
13.621734693877553 127.89584783691143
13.631734693877553 127.86429487646485
13.641734693877554 127.52022375774375
13.651734693877554 127.90940360241113
13.661734693877554 127.64071205681508
13.671734693877553 127.82204192299056
13.681734693877553 127.9775328360435
13.691734693877553 128.09460877142988
13.701734693877553 128.20047835389033
13.711734693877553 128.3280328774728
13.721734693877554 128.27195752750157
13.731734693877554 128.3596532323257
13.741734693877554 128.3035327547449
13.751734693877554 128.4690136490979
13.761734693877553 128.43802895761817
13.771734693877553 128.3183892113299
13.781734693877553 128.25969104346095
13.791734693877553 128.1259309592786
13.801734693877554 128.31749980923937
13.811734693877554 128.38545864421684
13.821734693877554 128.472489732427
13.831734693877554 128.42465749433592
13.841734693877553 128.13997181827915
13.851734693877553 128.41665405877836
13.861734693877553 128.59161504214373
13.871734693877553 128.2789623792761
13.881734693877553 128.26110735027612
13.891734693877554 128.56649648983944
13.901734693877554 128.52230973536973
13.911734693877554 128.60786434831695
13.921734693877553 128.51271051653734
13.931734693877553 128.88164221923697
13.941734693877553 129.02094191787575
13.951734693877553 128.847637993892
13.961734693877553 128.84163891053245
13.971734693877554 128.62258177800098
13.981734693877554 128.52940415370728
13.991734693877554 128.0316939412136
14.001734693877554 127.76465436122976
14.011734693877553 127.3595360931093
14.021734693877553 126.91875385803765
14.031734693877553 126.47206032167966
14.041734693877553 126.98453181941073
14.051734693877554 127.38540562221633
14.061734693877554 127.44613923523147
14.071734693877554 127.77041950716044
14.081734693877554 128.2512851556037
14.091734693877553 128.3824751000564
14.101734693877553 128.78271169894472
14.111734693877553 129.7490120126895
14.121734693877553 131.01648696972524
14.131734693877553 131.05590019667903
14.141734693877554 131.52200555384198
14.151734693877554 131.96652373226797
14.161734693877554 132.76705259310694
14.171734693877553 135.43609963514297
14.181734693877553 138.00656260056988
14.191734693877553 134.24500061499424
