0.13173469387755232 132.00869957210656
0.14173469387755233 129.32247276582248
0.15173469387755234 129.6067155076602
0.16173469387755235 128.73995364319896
0.17173469387755233 128.29767187004285
0.18173469387755234 129.09747898512094
0.19173469387755235 128.00975775369105
0.20173469387755233 126.62597071098928
0.21173469387755234 125.69121957739398
0.22173469387755235 124.02720685469546
0.23173469387755233 124.84606949556681
0.24173469387755234 124.66138955077011
0.2517346938775523 123.7306428404065
0.2617346938775523 123.69198738016944
0.27173469387755234 123.45589559853987
0.28173469387755234 123.48488471845735
0.29173469387755235 124.40177513551865
0.30173469387755236 124.56318574163559
0.3117346938775523 124.14057785162606
0.3217346938775523 124.41137308453071
0.33173469387755233 124.16887880858305
0.34173469387755234 124.6573663747566
0.35173469387755235 124.84534675593619
0.36173469387755236 124.46706949719666
0.37173469387755237 124.31404753702381
0.3817346938775523 123.91794962376929
0.39173469387755233 123.31775529051978
0.40173469387755234 123.29452467873789
0.41173469387755235 123.14861249912124
0.42173469387755236 123.08338726164425
0.43173469387755237 122.99715492920774
0.4417346938775523 123.13270361503783
0.45173469387755233 122.44142788047657
0.46173469387755234 122.74466172642515
0.47173469387755235 122.8676396389042
0.48173469387755236 122.52824469605324
0.49173469387755236 122.83556842836875
0.5017346938775523 122.92582488159788
0.5117346938775523 122.92231278078528
0.5217346938775523 122.78240583455236
0.5317346938775523 122.48440066473115
0.5417346938775524 122.71950970028425
0.5517346938775524 122.82997378334888
0.5617346938775524 123.78668582123404
0.5717346938775524 124.13695726637704
0.5817346938775524 124.61147956070575
0.5917346938775524 124.70324071539879
0.6017346938775523 124.32420930672684
0.6117346938775523 124.36971862877702
0.6217346938775523 124.82854332721493
0.6317346938775523 124.75291603685933
0.6417346938775523 124.8052020335403
0.6517346938775523 125.38819736127932
0.6617346938775524 125.8630360958119
0.6717346938775524 126.17781928262146
0.6817346938775524 125.8448750631736
0.6917346938775524 125.52372638216025
0.7017346938775524 125.12263045072825
0.7117346938775524 124.3535709924032
0.7217346938775524 124.11720975337174
0.7317346938775523 123.81752147780819
0.7417346938775523 124.13531653902245
0.7517346938775523 124.71696820359944
0.7617346938775523 124.50673095948027
0.7717346938775523 124.16112481734015
0.7817346938775523 123.94703670448048
0.7917346938775524 123.8606297763876
0.8017346938775524 123.71292781817648
0.8117346938775524 123.2800259771157
0.8217346938775524 123.66144159023756
0.8317346938775524 124.24921454938048
0.8417346938775524 124.41768560219667
0.8517346938775524 124.53966868130327
0.8617346938775523 124.77286198020956
0.8717346938775523 124.45295167113933
0.8817346938775523 124.15725319805928
0.8917346938775523 124.4320262623538
0.9017346938775523 124.14652085147196
0.9117346938775524 123.88388211705994
0.9217346938775524 123.83602998365004
0.9317346938775524 124.58096333841667
0.9417346938775524 125.04419149481917
0.9517346938775524 125.25371955528367
0.9617346938775524 125.4415880352599
0.9717346938775524 125.55380275845243
0.9817346938775523 125.29712315223723
0.9917346938775523 125.039500386774
1.0017346938775522 124.85724076304088
1.0117346938775522 124.49789520270603
1.0217346938775522 123.71198433122552
1.0317346938775522 122.1796475723572
1.0417346938775522 120.51627977392764
1.0517346938775523 118.71255133484917
1.0617346938775523 115.4112051474586
1.0717346938775523 111.75675347368745
1.0817346938775523 107.42472367295808
1.0917346938775523 104.14620332164155
1.1017346938775523 102.38982562416136
1.1117346938775523 101.57824414519335
1.1217346938775523 99.91811800314419
1.1317346938775523 99.6981493665015
1.1417346938775523 100.1987537916411
1.1517346938775523 100.4561881649015
1.1617346938775523 101.11665659347169
1.1717346938775524 101.52757659389273
1.1817346938775521 101.7888458475075
1.1917346938775522 102.12840847462878
1.2017346938775522 102.55466732966738
1.2117346938775522 102.56249200623046
1.2217346938775522 102.71965501220025
1.2317346938775522 102.8272485267585
1.2417346938775522 104.67358628963449
1.2517346938775522 104.24763903429123
1.2617346938775522 104.74980010458646
1.2717346938775522 104.42014865591965
1.2817346938775522 104.82079021548233
1.2917346938775522 105.52304953935895
1.3017346938775523 105.48460547731487
1.3117346938775523 105.14678485304714
1.3217346938775523 104.84913876390542
1.3317346938775523 105.08260266191056
1.3417346938775523 104.89281389880703
1.3517346938775523 104.55227208509913
1.3617346938775523 104.77616020353382
1.3717346938775523 105.04247090245724
1.3817346938775523 104.66963269653264
1.3917346938775523 104.30945841172353
1.4017346938775523 103.89374943967255
1.4117346938775523 103.34650583625852
1.4217346938775524 103.80792392835676
1.4317346938775521 104.29703062306832
1.4417346938775522 104.60738840909639
1.4517346938775522 104.79769097520374
1.4617346938775522 105.20274814245647
1.4717346938775522 105.36680184906051
1.4817346938775522 105.0694853391138
1.4917346938775522 105.26077666000128
1.5017346938775522 105.41237084393606
1.5117346938775522 105.19763617695048
1.5217346938775522 105.71467243821371
1.5317346938775522 106.39371736002614
1.5417346938775522 105.99246581703875
1.5517346938775523 106.36928650544996
1.5617346938775523 106.73341622149319
1.5717346938775523 106.76131927662529
1.5817346938775523 107.1079476972403
1.5917346938775523 106.74881276088573
1.6017346938775523 106.63397315355655
1.6117346938775523 106.781808197291
1.6217346938775523 106.92206313002053
1.6317346938775523 106.36289803998024
1.6417346938775523 106.6201752961915
1.6517346938775523 107.20465876942981
1.6617346938775523 105.98397226690734
1.6717346938775524 106.50796275397903
1.6817346938775524 105.49938452088277
1.6917346938775522 105.13236508335734
1.7017346938775522 104.80653995775926
1.7117346938775522 104.9280544703968
1.7217346938775522 105.07350532800179
1.7317346938775522 105.25168609965989
1.7417346938775522 105.42708512450054
1.7517346938775522 105.2432067644598
1.7617346938775522 104.83767496117252
1.7717346938775522 105.69562734483578
1.7817346938775522 105.96416731344448
1.7917346938775522 106.2334855651872
1.8017346938775523 106.38746632647278
1.8117346938775523 106.4395659295136
1.8217346938775523 105.72788265243575
1.8317346938775523 105.8206439394847
1.8417346938775523 105.49237375558084
1.8517346938775523 105.99432264358174
1.8617346938775523 106.02452314386021
1.8717346938775523 105.63817222285861
1.8817346938775523 104.29530073785351
1.8917346938775523 103.69524090073297
1.9017346938775523 105.09511874527487
1.9117346938775523 107.18432429825934
1.9217346938775524 107.88783169803557
1.9317346938775524 107.62543744539627
1.9417346938775522 107.00761362243348
1.9517346938775522 107.06218630955023
1.9617346938775522 106.80989329214746
1.9717346938775522 106.34292787639946
1.9817346938775522 105.90176049339647
1.9917346938775522 105.69820023777348
2.001734693877552 106.02167084185122
2.0117346938775524 106.4199568414134
2.0217346938775522 106.97392637402665
2.0317346938775525 107.0302824196706
2.0417346938775522 103.17086283665947
2.0517346938775525 100.72881331149341
2.0617346938775523 102.27797778125397
2.1817346938775524 120.84082073560748
2.191734693877552 117.50342699598184
2.2017346938775524 111.1494629165438
2.211734693877552 109.40098465398404
2.2217346938775524 108.86931346257401
2.231734693877552 108.71426736670595
2.2417346938775524 108.74733971308596
2.251734693877552 109.05210076448944
2.2617346938775524 109.07007613448971
2.2717346938775522 109.62140768727286
2.2817346938775525 109.50434763295387
2.2917346938775522 109.84556045289335
2.3017346938775525 109.68273363542501
2.3117346938775523 109.24650299995511
2.3217346938775525 108.86151503016136
2.3317346938775523 108.74921306597734
2.341734693877552 108.49810937980479
2.3517346938775523 108.39456590357636
2.361734693877552 107.67257244701932
2.3717346938775523 107.32609716461582
2.381734693877552 107.29415875749142
2.3917346938775523 106.7244613856349
2.401734693877552 105.80148516207123
2.4117346938775523 106.64423020913303
2.421734693877552 107.07079497481502
2.4317346938775524 107.1081291640787
2.441734693877552 107.73719030357779
2.4517346938775524 108.07310343721656
2.461734693877552 108.58428853739852
2.4717346938775524 108.83024251630741
2.481734693877552 108.95575578512032
2.4917346938775524 108.9159529676882
2.501734693877552 108.96517702924154
2.5117346938775524 108.87515203836321
2.5217346938775522 107.99490958981795
2.5317346938775525 107.42032972808336
2.5417346938775522 107.50565604764252
2.5517346938775525 107.05361844111214
2.5617346938775523 106.57735616392387
2.5717346938775525 106.20307564921275
2.5817346938775523 106.03274848896407
2.591734693877552 106.41111413768054
2.6017346938775523 106.69656093759009
2.611734693877552 106.6778642864803
2.6217346938775523 106.34475769883471
2.631734693877552 105.85026513837242
2.6417346938775523 106.10099581324371
2.651734693877552 106.38949093128258
2.6617346938775523 106.48468503786188
2.671734693877552 106.3741429163251
2.6817346938775524 106.22364396252091
2.691734693877552 106.65673310960771
2.7017346938775524 106.93441149958068
2.711734693877552 106.59662155824671
2.7217346938775524 106.49547144808709
2.731734693877552 106.31237716559785
2.7417346938775524 106.05971215078951
2.751734693877552 106.00837543202849
2.7617346938775524 106.04599743784935
2.7717346938775522 106.02085280639702
2.7817346938775525 105.82609385096426
2.7917346938775522 105.83044852240198
2.8017346938775525 105.93019845069296
2.8117346938775523 105.85499543453606
2.8217346938775525 105.57934956801701
2.8317346938775523 105.95524279257303
2.841734693877552 105.71082358608307
2.8517346938775523 105.55877943767646
2.861734693877552 105.63439530315375
2.8717346938775523 105.79038369879527
2.881734693877552 105.94382146588737
2.8917346938775523 106.01226004869478
2.901734693877552 106.26724579239627
2.9117346938775523 106.25671110212527
2.921734693877552 106.12811841117771
2.9317346938775524 106.53183527427751
2.941734693877552 107.1957580266335
2.9517346938775524 107.09852336501642
2.961734693877552 107.00985161106303
2.9717346938775524 106.9483314093089
2.981734693877552 106.96064167982136
2.9917346938775524 106.9330312567246
3.001734693877552 107.11389350114997
3.0117346938775524 106.99565629533329
3.0217346938775522 106.98047666576564
3.0317346938775525 106.53664464307711
3.0417346938775522 103.70284508079706
3.0617346938775523 106.8751928451155
3.0717346938775525 108.64390703650129
3.111734693877552 117.26635122540559
3.1217346938775523 116.36824925314959
3.131734693877552 115.26160208633826
4.111734693877552 141.29044373735726
4.121734693877552 138.2524422485421
4.1317346938775525 135.73627817508836
4.141734693877552 131.4003662409259
4.151734693877552 131.62084074222753
4.161734693877552 135.01595919791956
4.171734693877553 133.40537766479005
4.181734693877552 131.35203139335803
4.191734693877552 129.5534392101497
4.201734693877552 128.25958870970078
4.211734693877553 127.25869968856
4.221734693877552 126.59840065136956
4.231734693877552 126.73622448683084
4.241734693877552 126.4691844811094
4.251734693877553 126.1125400147588
4.261734693877552 125.99203686876326
4.271734693877552 125.62171216854388
4.281734693877552 125.22848351337731
4.291734693877553 125.21702778884045
4.3017346938775525 124.64017167156798
4.311734693877552 124.30724353113547
4.321734693877552 124.18014068629816
4.331734693877553 124.58365207233575
4.3417346938775525 124.5105885830254
4.351734693877552 125.04799942990462
4.361734693877552 125.70588597701942
4.371734693877553 126.07522420223549
4.3817346938775525 126.37335933262649
4.391734693877552 126.23858660103545
4.401734693877552 125.93927890236887
4.411734693877552 126.10893938960653
4.421734693877553 125.99237413224252
4.431734693877552 125.80716512047522
4.441734693877552 125.80850293909143
4.451734693877552 125.8668340824534
4.461734693877553 125.57101590153508
4.471734693877552 125.36415811396202
4.481734693877552 125.77448118877481
4.491734693877552 125.81432846853755
4.501734693877553 125.30575472648783
4.511734693877552 125.83766833271768
4.521734693877552 126.1066555807133
4.531734693877552 125.84323171835403
4.541734693877553 125.76814072645321
4.5517346938775525 125.66058292726676
4.561734693877552 125.45699713604284
4.571734693877552 125.60019729763185
4.581734693877553 125.54788331770881
4.5917346938775525 125.85694158829082
4.601734693877552 125.56174652981643
4.611734693877552 125.786702986632
4.621734693877553 125.74879379060332
4.6317346938775525 125.52522016261035
4.641734693877552 125.50097340501053
4.651734693877552 125.71543126993414
4.661734693877552 125.44961705208608
4.671734693877553 125.41204196787335
4.681734693877552 125.63607727412968
4.691734693877552 125.73606739811947
4.701734693877552 125.77338892954634
4.711734693877553 125.8648216847642
4.721734693877552 125.8505054418869
4.731734693877552 125.99670252203128
4.741734693877552 126.20753870587923
4.751734693877553 126.32223095772963
4.761734693877552 126.11205562667004
4.771734693877552 126.21667532084457
4.781734693877552 126.38434604893638
4.791734693877553 126.13797809138015
4.8017346938775525 125.80471843164051
4.811734693877552 125.68370257826501
4.821734693877552 125.481038697309
4.831734693877553 125.57106943362942
4.8417346938775525 125.28983769455158
4.851734693877552 125.23432123399425
4.861734693877552 125.36940440209973
4.871734693877553 125.10530896862618
4.8817346938775525 124.9318607448953
4.891734693877552 124.5515300009492
4.901734693877552 124.1079785534249
4.911734693877552 124.3303764720919
4.921734693877553 124.50999825561654
4.931734693877552 125.00629703426083
4.941734693877552 125.26656673256119
4.951734693877552 125.56628761890744
4.961734693877553 125.80058444920597
4.971734693877552 125.6538235695986
4.981734693877552 125.603347704512
4.991734693877552 125.74899735751411
5.001734693877553 125.9395186524545
5.011734693877552 126.24644297981507
5.021734693877552 126.63685097528858
5.031734693877552 126.5180150084717
5.041734693877553 126.53230211161937
5.0517346938775525 126.72847480332432
5.061734693877552 126.58583118019233
5.071734693877552 126.16674768039644
5.081734693877553 125.62889254639815
5.0917346938775525 124.46132393811122
5.101734693877552 122.74459282290674
5.111734693877552 120.60515893317339
5.121734693877553 117.74915874475406
5.1317346938775525 113.26721901345459
5.141734693877552 107.97204922236952
5.151734693877552 104.52517300748923
5.161734693877552 103.19070187258112
5.171734693877553 101.87471180859858
5.181734693877552 101.53857977147685
5.191734693877552 102.33976169393301
5.201734693877552 101.91696135470343
5.211734693877553 102.58946821127834
5.221734693877552 103.07439654799231
5.231734693877552 103.5436771402715
5.241734693877552 104.74662019969814
5.251734693877553 105.04449223371952
5.261734693877552 105.37933215241323
5.271734693877552 105.37458621947148
5.281734693877552 106.32245761487081
5.291734693877553 106.43961268345991
5.3017346938775525 105.2444381279346
5.311734693877552 106.08463815416484
5.321734693877552 105.9380640853798
5.331734693877553 105.70256537465475
5.3417346938775525 105.79221610016862
5.351734693877552 105.81713975230281
5.361734693877552 106.16105277855202
5.371734693877553 106.18943014384571
5.3817346938775525 106.31570308902383
5.391734693877552 106.36025415357368
5.401734693877552 106.13557309822545
5.411734693877552 106.5122424212815
5.421734693877553 106.48642170462603
5.431734693877552 106.42615971783758
5.441734693877552 106.52412649621924
5.451734693877552 106.62204926801842
5.461734693877553 106.49572685947945
5.471734693877552 105.9590500702023
5.481734693877552 105.96919117328501
5.491734693877552 106.09133721997402
5.501734693877553 105.62065797591892
5.511734693877552 105.64057335024525
5.521734693877552 105.67808220884976
5.531734693877552 104.91841706712316
5.541734693877553 104.73922719263572
5.5517346938775525 105.37756666544571
5.561734693877552 104.97025330647135
5.571734693877552 105.14961515745887
5.581734693877553 105.49337631693906
5.5917346938775525 105.07494228794809
5.601734693877552 104.8686027071543
5.611734693877552 104.7864761954856
5.621734693877553 104.70941761962125
5.6317346938775525 104.74959642325969
5.641734693877552 104.8605117763254
5.651734693877552 104.80922707725445
5.661734693877552 104.63347847970076
5.671734693877553 105.17312977725159
5.681734693877552 105.15410312734778
5.691734693877552 105.12661165941415
5.701734693877552 105.20410346731883
5.711734693877553 106.00049598763715
5.721734693877552 106.08813868940263
5.731734693877552 106.10025272347856
5.741734693877552 105.59841648997241
5.751734693877553 105.46956614424958
5.761734693877552 105.81494391783316
5.771734693877552 105.71784715337513
5.781734693877552 105.76682642208202
5.791734693877553 105.48487844189741
5.8017346938775525 105.45156105852723
5.811734693877552 106.04824179146377
5.821734693877552 105.99240553072522
5.831734693877553 105.23196133876534
5.8417346938775525 104.69126181003249
5.851734693877552 104.4190724975368
5.861734693877552 103.55431786122043
5.871734693877553 104.04610589100642
5.8817346938775525 104.27771480478027
5.891734693877552 104.70188207166954
5.901734693877552 104.37274666808716
5.911734693877552 104.40650790990554
5.921734693877553 104.59265178418332
5.931734693877552 104.33144893361342
5.941734693877552 103.95357747552558
5.951734693877552 104.2444784043221
5.961734693877553 104.6602682529828
5.971734693877552 105.81205514258409
5.981734693877552 105.8399083867011
5.991734693877552 104.75574496054577
6.001734693877553 104.24129858833338
6.011734693877552 104.22891790152083
6.021734693877552 105.97682210083534
6.031734693877552 106.52750150161883
6.041734693877553 105.6755324039216
6.0517346938775525 105.64190248433086
6.061734693877552 105.5176388411221
6.071734693877552 106.06491137579944
6.081734693877553 103.11200736746636
6.0917346938775525 98.4234340121028
6.101734693877552 107.82718811293903
6.111734693877552 110.43840870335372
6.171734693877553 110.88401942395143
6.181734693877552 125.2265594319634
6.191734693877552 121.51726189223605
6.201734693877552 112.64947143732545
6.211734693877553 111.52046832512356
6.221734693877552 109.89618485605712
6.231734693877552 109.19310261054622
6.241734693877552 108.69886593100509
6.251734693877553 108.41734958474949
6.261734693877552 108.38916640953188
6.271734693877552 108.42555917516376
6.281734693877552 108.42815001950167
6.291734693877553 108.43004604517157
6.3017346938775525 108.31489229020104
6.311734693877552 108.2674533357688
6.321734693877552 107.66453550986641
6.331734693877553 107.84128164253846
6.3417346938775525 107.67395189886244
6.351734693877552 107.95269165506765
6.361734693877552 107.63649881808087
6.371734693877553 107.15524521775299
6.3817346938775525 107.01808108502883
6.391734693877552 107.15070582027742
6.401734693877552 106.7872568906199
6.411734693877553 106.84262915546459
6.421734693877553 107.07568426234135
6.431734693877552 107.14301397392944
6.441734693877552 106.64939689056246
6.451734693877552 106.87338395831519
6.461734693877553 106.50127523138333
6.471734693877552 106.61333642021175
6.481734693877552 106.52997601448105
6.491734693877552 106.65700225058076
6.501734693877553 106.63518917804322
6.511734693877552 106.75021082796316
6.521734693877552 106.566961880531
6.531734693877552 106.21279719384678
6.541734693877553 106.0828312710051
6.5517346938775525 105.76693497202425
6.561734693877552 105.62408384516723
6.571734693877552 106.43434577708014
6.581734693877553 106.38479405155209
6.5917346938775525 106.68368143470641
6.601734693877552 106.52207034749198
6.611734693877552 106.68241544096452
6.621734693877553 107.0061693175226
6.6317346938775525 107.71504270134363
6.641734693877552 106.96598043941539
6.651734693877552 106.8851617336832
6.661734693877553 106.98851332752754
6.671734693877553 106.98005692173555
6.681734693877552 106.83552683672946
6.691734693877552 106.4262651124481
6.701734693877552 106.1886900935252
6.711734693877553 105.85462913214191
6.721734693877552 105.73671352932097
6.731734693877552 105.41050976217277
6.741734693877552 105.35559150190511
6.751734693877553 106.05265794580056
6.761734693877552 105.55666312072879
6.771734693877552 105.39011720759257
6.781734693877552 105.85502556215637
6.791734693877553 105.77592636593617
6.8017346938775525 105.50861075469106
6.811734693877552 105.43872255702763
6.821734693877552 105.63904807346957
6.831734693877553 106.02432896809088
6.8417346938775525 106.0851875082637
6.851734693877552 105.85013759550033
6.861734693877552 105.75929658448972
6.871734693877553 105.9749594319999
6.8817346938775525 105.84656863894506
6.891734693877552 105.48238312209284
6.901734693877552 105.49864408512529
6.911734693877553 105.47455060683099
6.921734693877553 105.62647252653511
6.931734693877552 105.24993179745346
6.941734693877552 105.47476959344822
6.951734693877552 105.61046621528723
6.961734693877553 105.73035499016859
6.971734693877552 105.56588244300052
6.981734693877552 105.09208138819903
6.991734693877552 105.18554244719074
7.001734693877553 105.60080141576931
7.011734693877552 104.80605127181177
7.021734693877552 105.73024419792245
7.031734693877552 106.0728642036011
7.041734693877553 106.15202236440753
7.0517346938775525 105.99344580546081
7.061734693877552 105.99729379166187
7.071734693877552 106.16601979137039
7.081734693877553 106.19853383909647
7.0917346938775525 106.10546884374125
7.101734693877552 106.04815486654616
7.111734693877552 104.87814040146995
7.121734693877553 104.52051814048723
7.1317346938775525 104.4130478389277
7.141734693877552 105.67984305887576
7.151734693877552 107.9909344406471
8.131734693877553 155.71053499227693
8.141734693877554 150.91576707052883
8.151734693877554 136.68088664053585
8.161734693877554 139.48028413530898
8.171734693877554 136.91440596698834
8.181734693877553 135.77791479550558
8.191734693877553 134.10914504618876
8.201734693877553 132.9288111352726
8.211734693877553 132.1550575404764
8.221734693877552 131.34012958119195
8.231734693877554 131.19955323270182
8.241734693877554 131.32491125826638
8.251734693877554 131.29626910878267
8.261734693877553 131.00958605351013
8.271734693877553 130.96084141608145
8.281734693877553 130.75766971760626
8.291734693877553 130.46427826289224
8.301734693877553 130.32559865358806
8.311734693877554 129.88879310937216
8.321734693877554 129.7673929227419
8.331734693877554 129.35214623164697
8.341734693877553 129.22319656453115
8.351734693877553 129.03855911718045
8.361734693877553 128.69230710438268
8.371734693877553 128.18338194701616
8.381734693877553 127.98559814650436
8.391734693877554 128.22249215901834
8.401734693877554 128.1776377598305
8.411734693877554 128.2918830700373
8.421734693877554 128.32330633059726
8.431734693877553 128.68204997562538
8.441734693877553 129.2358644219831
8.451734693877553 129.05353168386776
8.461734693877553 128.84660499305247
8.471734693877552 128.5822652077514
8.481734693877554 128.5235005424704
8.491734693877554 128.36113984582937
8.501734693877554 128.26943033969164
8.511734693877553 128.07784105560978
8.521734693877553 128.18646550828754
8.531734693877553 128.35994277919335
8.541734693877553 128.08974601719234
8.551734693877553 127.604417794597
8.561734693877554 127.58616934946892
8.571734693877554 127.21139805564877
8.581734693877554 126.90226618258912
8.591734693877553 126.18421513100022
8.601734693877553 126.12187222497492
8.611734693877553 125.88014094202784
8.621734693877553 125.45626459733295
8.631734693877553 125.41357568839594
8.641734693877554 125.84904140841115
8.651734693877554 126.25499307832321
8.661734693877554 126.64727996176657
8.671734693877554 126.72964103533222
8.681734693877553 127.0039549752377
8.691734693877553 126.94173574289343
8.701734693877553 127.01506420909604
8.711734693877553 127.07682831637233
8.721734693877554 126.9622435182349
8.731734693877554 126.90880290522679
8.741734693877554 126.74373452361864
8.751734693877554 126.72902941256241
8.761734693877553 126.83598908769538
8.771734693877553 126.74190762361768
8.781734693877553 126.7082218126325
8.791734693877553 126.35317112642856
8.801734693877553 126.17999910556527
8.811734693877554 126.36490623063476
8.821734693877554 126.70708300740367
8.831734693877554 126.62664979726244
8.841734693877553 126.54253840953288
8.851734693877553 126.42659524382603
8.861734693877553 126.37168396578285
8.871734693877553 126.54731888420955
8.881734693877553 126.7094569081421
8.891734693877554 126.76068057209685
8.901734693877554 126.78103958767142
8.911734693877554 126.95140484657992
8.921734693877554 126.90227740758478
8.931734693877553 126.3686682156792
8.941734693877553 125.98712908033515
8.951734693877553 125.84961407901281
8.961734693877553 125.739003587366
8.971734693877554 125.68869528770614
8.981734693877554 125.90049158951733
8.991734693877554 125.67727109067172
9.001734693877554 125.71548505518547
9.011734693877553 125.73536997831086
9.021734693877553 126.05334121360563
9.031734693877553 126.00385875753126
9.041734693877553 125.85763404988734
9.051734693877553 126.29422517008454
9.061734693877554 126.31784409237758
9.071734693877554 126.35461784642145
9.081734693877554 126.80697577121863
9.091734693877553 126.6041419525875
9.101734693877553 126.16865830862923
9.111734693877553 125.21421295062498
9.121734693877553 123.20942360209985
9.131734693877553 120.91474560685016
9.141734693877554 118.62478271766852
9.151734693877554 116.24915684142874
9.161734693877554 109.23037499740614
9.171734693877554 106.81461366812434
9.181734693877553 105.1776511065159
9.191734693877553 102.65363815032747
9.201734693877553 101.10421665965848
9.211734693877553 101.91299013510132
9.221734693877554 102.31540690767928
9.231734693877554 102.45590724509417
9.241734693877554 102.31528300273918
9.251734693877554 102.94913759806897
9.261734693877553 103.7339403912836
9.271734693877553 103.61856234672169
9.281734693877553 103.46098485046947
9.291734693877553 103.89115327646081
9.301734693877553 104.01828424026809
9.311734693877554 103.59506842652593
9.321734693877554 103.57099812999127
9.331734693877554 103.68536771799613
9.341734693877553 104.03468663456394
9.351734693877553 104.31771298351902
9.361734693877553 104.28108073467284
9.371734693877553 104.2251517932317
9.381734693877553 105.34064319194009
9.391734693877554 105.38782915022107
9.401734693877554 105.34864435349148
9.411734693877554 105.3482175312173
9.421734693877554 104.98340417079802
9.431734693877553 104.812326436341
9.441734693877553 104.73503472488872
9.451734693877553 104.47303598797205
9.461734693877553 104.18321648544189
9.471734693877554 104.69753523483075
9.481734693877554 104.69193964347588
9.491734693877554 104.89267524570073
9.501734693877554 104.91112772341138
9.511734693877553 105.14186879966942
9.521734693877553 105.29752146162622
9.531734693877553 105.01058356986802
9.541734693877553 105.03666774536512
9.551734693877553 105.15817903715907
9.561734693877554 105.28437318573525
9.571734693877554 105.20992601742356
9.581734693877554 105.58992879019175
9.591734693877553 105.59380023508726
9.601734693877553 105.65955257928977
9.611734693877553 105.20298698473066
9.621734693877553 105.54792499448355
9.631734693877553 105.43352891732212
9.641734693877554 106.06248849959792
9.651734693877554 105.59658097609443
9.661734693877554 105.1595204925987
9.671734693877554 104.9183439072754
9.681734693877553 105.50327435037028
9.691734693877553 105.57206587652763
9.701734693877553 105.43203893216318
9.711734693877553 105.15963497906009
9.721734693877554 105.0611602685894
9.731734693877554 104.94468545297147
9.741734693877554 105.22611949407884
9.751734693877554 105.3372994114573
9.761734693877553 105.34866946747937
9.771734693877553 104.98289713318697
9.781734693877553 105.2213898380893
9.791734693877553 105.18885861338815
9.801734693877553 104.69702995484964
9.811734693877554 104.81044444170647
9.821734693877554 105.49673212943974
9.831734693877554 105.63751564651494
9.841734693877553 105.1153800889836
9.851734693877553 105.65620988899975
9.861734693877553 105.69178309078121
9.871734693877553 105.18605644494154
9.881734693877553 105.18335202175048
9.891734693877554 105.81930139738066
9.901734693877554 105.82227499110724
9.911734693877554 105.77446549436792
9.921734693877554 105.52815661791452
9.931734693877553 104.72173710757963
9.941734693877553 105.3682606521662
9.951734693877553 106.20890544454723
9.961734693877553 105.9931255531527
9.971734693877554 105.58831117958684
9.981734693877554 105.83933067304899
9.991734693877554 105.28958661144647
10.001734693877554 104.8562536066955
10.011734693877553 105.29306636032933
10.021734693877553 105.1641750394173
10.031734693877553 105.30149089449087
10.041734693877553 106.01844486857874
10.051734693877552 106.27777286435501
10.061734693877554 106.29085354725459
10.071734693877554 107.08687919927625
10.081734693877554 107.66864505025822
10.091734693877553 104.81000164047464
10.101734693877553 98.66062375814595
10.191734693877553 111.5301780214059
10.201734693877553 109.7511114742653
10.211734693877553 107.67309218074875
10.221734693877554 107.52107349458618
10.231734693877554 107.03041241594632
10.241734693877554 107.21398411572443
10.251734693877554 107.72566021798488
10.261734693877553 107.7044590727857
10.271734693877553 107.76244368344345
10.281734693877553 108.04943099529505
10.291734693877553 107.70726017063583
10.301734693877552 107.8229157305812
10.311734693877554 108.18185917935661
10.321734693877554 107.53978649590951
10.331734693877554 107.1749040653027
10.341734693877553 106.77311581946972
10.351734693877553 106.84878926630726
10.361734693877553 106.33293514900465
10.371734693877553 106.09448260928295
10.381734693877553 106.84126042044298
10.391734693877554 106.86326702708875
10.401734693877554 106.42698779617116
10.411734693877554 105.87983554561791
10.421734693877553 105.78603862870516
10.431734693877553 105.99641386424815
10.441734693877553 105.94483933260912
10.451734693877553 106.30658850064542
10.461734693877553 106.39396200886715
10.471734693877554 106.18234889505872
10.481734693877554 106.30149447287111
10.491734693877554 106.28724892797678
10.501734693877554 106.49879422715732
10.511734693877553 106.82837722296468
10.521734693877553 106.49658652690248
10.531734693877553 106.47924108821535
10.541734693877553 106.36774977955888
10.551734693877552 106.18687102083473
10.561734693877554 106.35351836686183
10.571734693877554 106.27808137371422
10.581734693877554 107.00089489377794
10.591734693877553 106.86937794822823
10.601734693877553 106.71512380487307
10.611734693877553 106.42318713752381
10.621734693877553 106.67621606392527
10.631734693877553 106.76039624749734
10.641734693877554 106.92257432445241
10.651734693877554 106.70943648426062
10.661734693877554 106.46411222032852
10.671734693877553 106.57585905559574
10.681734693877553 106.62375990592153
10.691734693877553 105.8630269828554
10.701734693877553 105.46320546483994
10.711734693877553 105.48752161918483
10.721734693877554 105.50439569257651
10.731734693877554 105.24761965356453
10.741734693877554 104.90790488361378
10.751734693877554 105.76510318872526
10.761734693877553 105.99956766946083
10.771734693877553 105.8571425923849
10.781734693877553 105.87623450338516
10.791734693877553 106.3257791000853
10.801734693877552 106.47971536334511
10.811734693877554 106.64674017918284
10.821734693877554 106.99228538412109
10.831734693877554 106.80188809238324
10.841734693877553 106.51340206931395
10.851734693877553 106.5020838689882
10.861734693877553 106.12146102018022
10.871734693877553 105.98745649690697
10.881734693877553 105.75591632983895
10.891734693877554 106.09580195776192
10.901734693877554 105.60980628178146
10.911734693877554 105.75760205936277
10.921734693877553 106.04988570659204
10.931734693877553 105.92725526349456
10.941734693877553 106.11605106117196
10.951734693877553 106.04422155928474
10.961734693877553 105.83180314140077
10.971734693877554 105.94823125549026
10.981734693877554 105.98253166301285
10.991734693877554 106.31558643031217
11.001734693877554 106.41597619529071
11.011734693877553 106.24062751162218
11.021734693877553 106.49308634895979
11.031734693877553 106.48827304668816
11.041734693877553 106.36987621348598
11.051734693877552 106.1241731950938
11.061734693877554 106.0139479393226
11.071734693877554 105.72631264343434
11.081734693877554 105.16689196840483
11.091734693877553 105.04001101701887
11.101734693877553 104.9626206566966
11.111734693877553 100.64216360187663
11.121734693877553 102.88776513458359
12.131734693877553 135.25160488387738
12.141734693877554 133.2290976522697
12.151734693877554 130.34481738095178
12.161734693877554 130.5554775132084
12.171734693877553 132.8827898023646
12.181734693877553 131.2110615279146
12.191734693877553 128.40082765278217
12.201734693877553 127.62416826576762
12.211734693877553 125.87155896988246
12.221734693877554 124.1825979116974
12.231734693877554 124.47923379826025
12.241734693877554 124.2764225644325
12.251734693877554 124.45774778815634
12.261734693877553 124.13193415804825
12.271734693877553 124.52029580981005
12.281734693877553 124.41442348781621
12.291734693877553 124.04757015847859
12.301734693877554 123.70214109845472
12.311734693877554 123.73871468102966
12.321734693877554 123.92391512570681
12.331734693877554 123.74987627848537
12.341734693877553 124.09359161387644
12.351734693877553 124.20774535670941
12.361734693877553 124.2465897392192
12.371734693877553 124.36250146354095
12.381734693877553 124.7429960243411
12.391734693877554 125.235428783382
12.401734693877554 125.47947732824089
12.411734693877554 125.47158484314546
12.421734693877553 125.2791519421318
12.431734693877553 125.41877271915901
12.441734693877553 125.78037104443328
12.451734693877553 125.88514324871598
12.461734693877553 125.70191422075881
12.471734693877554 125.63355317674203
12.481734693877554 125.68747943367302
12.491734693877554 125.38118367201564
12.501734693877554 125.05466762711515
12.511734693877553 125.17936952643079
12.521734693877553 124.91728554483309
12.531734693877553 124.8707682531472
12.541734693877553 124.92870154704943
12.551734693877554 124.77180496152025
12.561734693877554 124.73359061369644
12.571734693877554 124.56872108162129
12.581734693877554 124.40719203593414
12.591734693877553 124.74459155830746
12.601734693877553 124.79379805066826
12.611734693877553 124.30148279625328
12.621734693877553 124.3645230546927
12.631734693877553 124.58071014419409
12.641734693877554 124.79814233798649
12.651734693877554 124.87065474576383
12.661734693877554 124.99922387333156
12.671734693877553 124.92988857006787
12.681734693877553 124.79964630334143
12.691734693877553 125.29415983186054
12.701734693877553 125.57595198638175
12.711734693877553 125.25696712157315
12.721734693877554 125.24716779464478
12.731734693877554 125.26075594459276
12.741734693877554 125.439937714884
12.751734693877554 125.62986151593337
12.761734693877553 125.56390991237873
12.771734693877553 125.3382700951376
12.781734693877553 124.86844418040431
12.791734693877553 124.8579913343491
12.801734693877554 124.84051890309503
12.811734693877554 124.60649529892528
12.821734693877554 124.60187563213508
12.831734693877554 124.69913832552575
12.841734693877553 124.77761997143234
12.851734693877553 124.96092150490033
12.861734693877553 125.38533509876072
12.871734693877553 125.61842991606538
12.881734693877553 125.53763601373153
12.891734693877554 125.62634705048735
12.901734693877554 125.42018937875763
12.911734693877554 125.84279857925866
12.921734693877553 125.88450049374167
12.931734693877553 126.04519484437576
12.941734693877553 125.92283289091559
12.951734693877553 125.8993641709725
12.961734693877553 125.97663548462431
12.971734693877554 125.85254323805118
12.981734693877554 125.78668295111626
12.991734693877554 125.59221853728707
13.001734693877554 125.79284357785315
13.011734693877553 126.00134696044286
13.021734693877553 126.0642186981896
13.031734693877553 125.92094627453892
13.041734693877553 126.09773218603667
13.051734693877554 125.77749104973495
13.061734693877554 125.91945528366809
13.071734693877554 125.25976568221857
13.081734693877554 125.027834932964
13.091734693877553 124.37701803719882
13.101734693877553 122.73873311172035
13.111734693877553 121.21064631063774
13.121734693877553 118.74431554566044
13.131734693877553 114.60190775468251
13.141734693877554 111.80193359915013
13.151734693877554 105.64296137032437
13.161734693877554 105.17546647598193
13.171734693877553 104.19811658996402
13.181734693877553 102.98800116858818
13.191734693877553 102.34381378603976
13.201734693877553 102.18407003266366
13.211734693877553 101.52542514624817
13.221734693877554 101.94654400306294
13.231734693877554 102.76299029180825
13.241734693877554 102.96575265159554
13.251734693877554 103.33532376630065
13.261734693877553 103.04348057921749
13.271734693877553 103.10890974311697
13.281734693877553 103.05919397844062
13.291734693877553 103.66230892406433
13.301734693877554 103.25465487173427
13.311734693877554 103.25760020872431
13.321734693877554 103.62810913607522
13.331734693877554 103.36259726422021
13.341734693877553 103.19398407620162
13.351734693877553 103.18621107646315
13.361734693877553 103.7059901750563
13.371734693877553 104.08376107161983
13.381734693877553 104.23598396443415
13.391734693877554 104.26607963884817
13.401734693877554 104.43817046163952
13.411734693877554 104.43922587429334
13.421734693877553 104.42472738469856
13.431734693877553 104.02401546774466
13.441734693877553 103.86612094760768
13.451734693877553 103.9290434858505
13.461734693877553 104.00626561152853
13.471734693877554 104.00831630169392
13.481734693877554 103.39284094464263
13.491734693877554 103.6825759424663
13.501734693877554 104.13076674103988
13.511734693877553 104.4747943509289
13.521734693877553 104.08217868622957
13.531734693877553 104.35325805411645
13.541734693877553 104.59497216613063
13.551734693877554 104.7857602508129
13.561734693877554 104.49802683260488
13.571734693877554 105.01693357616789
13.581734693877554 104.59528866064194
13.591734693877553 105.00698842267342
13.601734693877553 104.79974617416411
13.611734693877553 104.77811039561263
13.621734693877553 104.44181379314276
13.631734693877553 104.47047611475104
13.641734693877554 105.04071311146667
13.651734693877554 104.4587247539
13.661734693877554 104.46893582790305
13.671734693877553 105.01990413406135
13.681734693877553 104.90802650981723
13.691734693877553 105.38544041521224
13.701734693877553 105.52905025822841
13.711734693877553 104.76242821454731
13.721734693877554 105.05406664366906
13.731734693877554 104.42459429183423
13.741734693877554 104.76888842509175
13.751734693877554 105.08843556981961
13.761734693877553 104.67820242122772
13.771734693877553 104.40026093627256
13.781734693877553 105.07711476712808
13.791734693877553 104.91882885935361
13.801734693877554 105.07787127412922
13.811734693877554 104.79707245434882
13.821734693877554 104.32956110717953
13.831734693877554 104.13103969969559
13.841734693877553 104.04393649365693
13.851734693877553 104.78799175326684
13.861734693877553 104.58038753392464
13.871734693877553 103.76270121468501
13.881734693877553 102.93805649933878
13.891734693877554 103.3935508560321
13.901734693877554 104.37888334122985
13.911734693877554 104.82181384320748
13.921734693877553 104.77127258421235
13.931734693877553 104.93266251897208
13.941734693877553 104.8976100787627
13.951734693877553 105.01293667962341
13.961734693877553 104.95548079672221
13.971734693877554 104.84423443176559
13.981734693877554 104.64797864622552
13.991734693877554 104.91413471037649
14.001734693877554 105.79117072070923
14.011734693877553 106.33923114453232
14.021734693877553 105.92767220136145
14.031734693877553 105.30880820417748
14.041734693877553 105.45039891739356
14.051734693877554 105.70583392243623
14.061734693877554 105.14793445446608
14.071734693877554 102.15994812423403
14.081734693877554 97.24431518276354
14.161734693877554 112.39083329498175
14.171734693877553 110.827036109317
14.181734693877553 108.20615969479884
14.191734693877553 107.76818655330389
14.201734693877553 107.69815671805817
14.211734693877553 107.53246830213533
14.221734693877554 107.28396899525242
14.231734693877554 106.74098958330735
14.241734693877554 106.50382383152295
14.251734693877554 106.85099351024371
14.261734693877553 106.82302530650117
14.271734693877553 106.6302341460654
14.281734693877553 106.19990420461049
14.291734693877553 106.20352776820438
14.301734693877554 106.1728163231908
14.311734693877554 105.69726889889456
14.321734693877554 105.63320640797066
14.331734693877554 105.60112117430697
14.341734693877553 105.60243742051321
14.351734693877553 105.51825535652496
14.361734693877553 105.73762887941055
14.371734693877553 105.91557098618468
14.381734693877553 105.71935654236789
14.391734693877554 105.87075756859632
14.401734693877554 105.80939589233179
14.411734693877554 105.71698725782014
14.421734693877553 105.82036695341691
14.431734693877553 105.87339398026796
14.441734693877553 105.87377459296837
14.451734693877553 105.78262306175822
14.461734693877553 105.69340734737261
14.471734693877554 105.99293929258414
14.481734693877554 105.250745460165
14.491734693877554 105.2335957435727
14.501734693877554 105.7774926620748
14.511734693877553 105.46548250043833
14.521734693877553 105.43279709796188
14.531734693877553 105.5503476633814
14.541734693877553 105.43871118429328
14.551734693877554 105.62947910972369
14.561734693877554 105.21993117386381
14.571734693877554 105.46830147183339
14.581734693877554 105.7097590543277
14.591734693877553 105.94757706940594
14.601734693877553 105.1128689329926
14.611734693877553 105.81614751938409
14.621734693877553 105.80628806794518
14.631734693877553 105.6635865347402
14.641734693877554 105.76939191394041
14.651734693877554 105.6382542556679
14.661734693877554 105.4742651528865
14.671734693877553 105.4365217522029
14.681734693877553 106.09158478088614
14.691734693877553 106.13470111291556
14.701734693877553 106.02673705182339
14.711734693877553 106.16088580563763
14.721734693877554 106.34947763780383
14.731734693877554 106.36820941900328
14.741734693877554 106.63163027017737
14.751734693877554 106.20474372256506
14.761734693877553 106.62146832102115
14.771734693877553 106.724426186807
14.781734693877553 105.88517818754534
14.791734693877553 106.05386559458772
14.801734693877554 105.99013170967365
14.811734693877554 105.79808099373167
14.821734693877554 105.498066537962
14.831734693877554 105.39120386958636
14.841734693877553 105.47512013596376
14.851734693877553 105.4122643795193
14.861734693877553 105.73764249537815
14.871734693877553 105.83700496847808
14.881734693877553 105.6467727101211
14.891734693877554 106.21112953723096
14.901734693877554 106.41743527328249
14.911734693877554 106.31587351647535
14.921734693877553 106.36248765096806
14.931734693877553 106.45897915840125
14.941734693877553 106.59945068053251
14.951734693877553 106.31095581890796
14.961734693877553 106.81070201970363
14.971734693877554 106.7668762400406
14.981734693877554 106.07359261733333
14.991734693877554 105.99998128346839
15.001734693877554 106.28737759405253
15.011734693877553 106.32862697384455
15.021734693877553 106.06018879592841
15.031734693877553 105.96587460081282
15.041734693877553 106.01452114292923
15.051734693877554 105.95048224201169
15.061734693877554 106.07605229849548
15.071734693877554 105.69767123551607
15.081734693877554 104.32073385772948
15.091734693877553 102.37488367605252
15.101734693877553 104.23862018597754
15.111734693877553 102.96609984438761
15.121734693877553 102.11343353720012
15.131734693877553 102.56799740676004
15.141734693877554 92.60902339797828
15.151734693877554 106.59396713697387
15.161734693877554 106.73604349574401
15.181734693877553 112.52732650208627
15.191734693877553 117.92549189462846
15.201734693877553 118.35396222342408
15.211734693877553 123.16875445235176
15.261734693877553 119.80516754617248
