0.13173469387755232 149.59365149109456
0.14173469387755233 141.66980977839998
0.15173469387755234 135.90736522100542
0.16173469387755235 134.73087157062218
0.17173469387755233 133.63517085295075
0.18173469387755234 134.51311410849712
0.19173469387755235 134.5620856608453
0.20173469387755233 134.14151985895833
0.21173469387755234 134.02602114156352
0.22173469387755235 133.8700488002693
0.23173469387755233 133.7182013025638
0.24173469387755234 133.10812969066438
0.2517346938775523 132.23024800443977
0.2617346938775523 131.84301666616307
0.27173469387755234 131.79982292079407
0.28173469387755234 131.89483907053034
0.29173469387755235 131.55598948928065
0.30173469387755236 131.09764979557085
0.3117346938775523 131.05697632946703
0.3217346938775523 130.93833322523855
0.33173469387755233 130.12506382919298
0.34173469387755234 130.01351919200607
0.35173469387755235 130.05850989881728
0.36173469387755236 129.67074929315606
0.37173469387755237 129.38105200674914
0.3817346938775523 129.29015426717183
0.39173469387755233 129.20883486251017
0.40173469387755234 129.0308453377956
0.41173469387755235 128.9428308337662
0.42173469387755236 129.3819055413796
0.43173469387755237 129.25330715059306
0.4417346938775523 129.00008515554063
0.45173469387755233 129.16573050677914
0.46173469387755234 129.2148188735435
0.47173469387755235 129.1139375897693
0.48173469387755236 129.0484040604868
0.49173469387755236 128.89993768758427
0.5017346938775523 128.68764057810887
0.5117346938775523 128.3825695921735
0.5217346938775523 128.37323312945486
0.5317346938775523 128.56806812335245
0.5417346938775524 128.9299212703809
0.5517346938775524 128.91799091549893
0.5617346938775524 128.80199405358397
0.5717346938775524 128.65593922818405
0.5817346938775524 128.35148958779092
0.5917346938775524 128.19658651469865
0.6017346938775523 128.24457475581016
0.6117346938775523 128.58634798651346
0.6217346938775523 128.79749962314605
0.6317346938775523 128.83704188651973
0.6417346938775523 128.85377356110666
0.6517346938775523 128.744603801314
0.6617346938775524 128.4635850197042
0.6717346938775524 128.42167857645273
0.6817346938775524 128.54981666641427
0.6917346938775524 129.06099531507914
0.7017346938775524 129.14836584574036
0.7117346938775524 129.24558015203522
0.7217346938775524 129.3009393058877
0.7317346938775523 129.20162619856194
0.7417346938775523 129.35080589638258
0.7517346938775523 129.47265919748287
0.7617346938775523 129.82229809516159
0.7717346938775523 129.73291941010717
0.7817346938775523 129.6566610276051
0.7917346938775524 129.67166046961847
0.8017346938775524 129.27540137548948
0.8117346938775524 129.12622971485752
0.8217346938775524 129.1022822505157
0.8317346938775524 128.72515152029075
0.8417346938775524 128.35865591234753
0.8517346938775524 128.66104613258693
0.8617346938775523 128.58184268126055
0.8717346938775523 128.6950284752718
0.8817346938775523 128.91381931829733
0.8917346938775523 129.35616938859263
0.9017346938775523 129.14189231196454
0.9117346938775524 129.3909701572047
0.9217346938775524 130.23921270478812
0.9317346938775524 130.89463141812013
0.9417346938775524 130.8336271887198
0.9517346938775524 130.12335950108778
0.9617346938775524 128.55114977010447
0.9717346938775524 127.13750338350636
0.9817346938775523 126.85946345265114
0.9917346938775523 126.11167060860255
1.0017346938775522 128.7241926746873
1.1017346938775523 122.6510178343323
1.1117346938775523 110.97008336528512
1.1217346938775523 110.79163522642278
1.1317346938775523 110.40800803546809
1.1417346938775523 108.11321923617639
1.1517346938775523 108.80799664643551
1.1617346938775523 108.57321643312412
1.1717346938775524 108.87077359261211
1.1817346938775521 110.0600978624537
1.1917346938775522 110.95376277206456
1.2017346938775522 110.61185803913897
1.2117346938775522 110.86591670330617
1.2217346938775522 111.0255495706505
1.2317346938775522 110.86104404891843
1.2417346938775522 110.94497421557838
1.2517346938775522 111.65626214237712
1.2617346938775522 111.85550899523933
1.2717346938775522 111.74322594701407
1.2817346938775522 111.69021895185831
1.2917346938775522 111.37550709867092
1.3017346938775523 111.11305592044977
1.3117346938775523 110.65535680347273
1.3217346938775523 109.942006768219
1.3317346938775523 110.00376951185892
1.3417346938775523 109.46313293548687
1.3517346938775523 109.49401650076436
1.3617346938775523 109.58444745093475
1.3717346938775523 109.86313904607479
1.3817346938775523 109.60924054387255
1.3917346938775523 109.48344118618002
1.4017346938775523 108.95075142087059
1.4117346938775523 109.15490120003942
1.4217346938775524 109.45108860656711
1.4317346938775521 109.53335565122909
1.4417346938775522 109.16237712796011
1.4517346938775522 109.08867094847938
1.4617346938775522 109.32238135323104
1.4717346938775522 109.33204296338968
1.4817346938775522 109.1668464746461
1.4917346938775522 109.08627231574879
1.5017346938775522 109.39339473852304
1.5117346938775522 108.89068722040221
1.5217346938775522 108.77875169069198
1.5317346938775522 109.42122820883095
1.5417346938775522 109.6690940935523
1.5517346938775523 109.4301855734556
1.5617346938775523 109.39202423653025
1.5717346938775523 108.6161053296968
1.5817346938775523 108.13897717006236
1.5917346938775523 108.02620321305776
1.6017346938775523 107.80527271634224
1.6117346938775523 108.09830932842853
1.6217346938775523 107.89844934525318
1.6317346938775523 108.32531743971005
1.6417346938775523 108.32686257504416
1.6517346938775523 108.51481963550518
1.6617346938775523 108.64730179560517
1.6717346938775524 109.08375181789697
1.6817346938775524 109.15890211473378
1.6917346938775522 109.07533044541391
1.7017346938775522 109.0824425914889
1.7117346938775522 109.34270995474473
1.7217346938775522 109.44767182792813
1.7317346938775522 109.40929805415507
1.7417346938775522 109.13301633330062
1.7517346938775522 109.2998599179628
1.7617346938775522 109.3755173595387
1.7717346938775522 109.34802218395353
1.7817346938775522 109.27514525448778
1.7917346938775522 108.8216138423067
1.8017346938775523 109.16779863987368
1.8117346938775523 109.23252918459269
1.8217346938775523 109.07824607718031
1.8317346938775523 109.13601075609557
1.8417346938775523 109.53141671952285
1.8517346938775523 108.69558426356217
1.8617346938775523 108.66240696389943
1.8717346938775523 108.80603027219577
1.8817346938775523 108.73414291305669
1.8917346938775523 109.0340689601378
1.9017346938775523 108.95925369087081
1.9117346938775523 109.16250460246383
1.9217346938775524 108.59323355382935
1.9317346938775524 108.55282127249531
1.9417346938775522 108.45514619690903
1.9517346938775522 108.09724373950714
1.9617346938775522 107.88282143440563
1.9717346938775522 107.96910715023589
1.9817346938775522 108.17821989497672
1.9917346938775522 108.58586151161094
2.001734693877552 108.09537457126231
2.0117346938775524 108.33181947712718
2.0217346938775522 108.31278825575909
2.0317346938775525 108.34353494674173
2.0417346938775522 108.04571050918753
2.0517346938775525 108.65328150813386
2.0617346938775523 108.62940683056918
2.071734693877552 108.29096033544792
2.0817346938775523 108.48479449020444
2.091734693877552 108.57415806468615
2.1017346938775523 109.53868447104526
2.111734693877552 110.07438703788412
2.1217346938775523 109.04450642271901
2.131734693877552 108.61940830240846
2.1417346938775523 110.07966161481075
2.151734693877552 108.12810708931562
2.1617346938775523 106.9855924506548
2.481734693877552 120.23995669450623
3.651734693877552 119.95471553457777
3.6617346938775523 120.45623711077025
3.671734693877552 120.48935082624234
4.181734693877552 137.37361580383237
4.191734693877552 135.95543260549687
4.201734693877552 133.38174969661637
4.211734693877553 132.2684268985708
4.221734693877552 131.85700119726565
4.231734693877552 131.36151543819184
4.241734693877552 130.26752882191772
4.251734693877553 129.9833778838392
4.261734693877552 130.07775270089445
4.271734693877552 129.58348775209208
4.281734693877552 129.3087836705521
4.291734693877553 129.37969953494195
4.3017346938775525 128.89587809343894
4.311734693877552 128.97048962186264
4.321734693877552 128.9032992282331
4.331734693877553 129.1247222594625
4.3417346938775525 129.54568333227184
4.351734693877552 129.86660719656913
4.361734693877552 129.7716077920197
4.371734693877553 129.36828970761306
4.3817346938775525 129.37575805842656
4.391734693877552 129.21686758330276
4.401734693877552 129.06123599487827
4.411734693877552 129.2217762027693
4.421734693877553 129.25893732186967
4.431734693877552 129.3766403996701
4.441734693877552 129.57296369075934
4.451734693877552 129.61256134788403
4.461734693877553 129.75085056977758
4.471734693877552 129.56735937637373
4.481734693877552 129.95892680941787
4.491734693877552 129.84332497740104
4.501734693877553 129.45020817230528
4.511734693877552 129.23942329988702
4.521734693877552 129.48530407201247
4.531734693877552 129.39269766254546
4.541734693877553 129.01695294047562
4.5517346938775525 128.8901899249586
4.561734693877552 128.9466881048118
4.571734693877552 128.91746354874007
4.581734693877553 128.95405201729187
4.5917346938775525 129.00593656937556
4.601734693877552 128.92667541803434
4.611734693877552 128.98681972869122
4.621734693877553 129.27420323403734
4.6317346938775525 129.2786948146221
4.641734693877552 128.91351314741692
4.651734693877552 128.81704123532472
4.661734693877552 128.75686068168568
4.671734693877553 128.5728050266181
4.681734693877552 128.634941186031
4.691734693877552 128.49473556130368
4.701734693877552 128.3327974256583
4.711734693877553 128.2263253443228
4.721734693877552 128.2993633708715
4.731734693877552 128.55766240618624
4.741734693877552 128.29379078167412
4.751734693877553 128.54186119792502
4.761734693877552 128.97113762883413
4.771734693877552 128.86154808273676
4.781734693877552 128.97159761934316
4.791734693877553 128.90048472344006
4.8017346938775525 128.80519513584915
4.811734693877552 128.82052008802512
4.821734693877552 128.6911119360503
4.831734693877553 129.2651983062242
4.8417346938775525 129.2987725919092
4.851734693877552 129.06567731347005
4.861734693877552 129.10802055664342
4.871734693877553 129.00357236905378
4.8817346938775525 129.03522080364488
4.891734693877552 129.19995383587593
4.901734693877552 129.04240140349168
4.911734693877552 130.1206062489573
4.921734693877553 130.15270561167796
4.931734693877552 130.24786413908166
4.941734693877552 130.11481049467932
4.951734693877552 130.34043629106407
4.961734693877553 130.8226129449191
4.971734693877552 130.73068469650374
4.981734693877552 130.25405970262523
4.991734693877552 128.76441255669778
5.001734693877553 128.3407052744366
5.011734693877552 126.58747333762153
5.021734693877552 126.46762659873892
5.031734693877552 128.45763391126277
5.041734693877553 129.25408810135602
5.141734693877552 121.64560427699088
5.151734693877552 121.44303195908155
5.161734693877552 114.4682361893705
5.171734693877553 111.18316070833944
5.181734693877552 109.09470595186386
5.191734693877552 109.30241063384436
5.201734693877552 109.5595216323027
5.211734693877553 108.7613868195697
5.221734693877552 108.5005398126064
5.231734693877552 108.31048435033459
5.241734693877552 109.16924385183474
5.251734693877553 109.7966578572666
5.261734693877552 109.47896947049337
5.271734693877552 109.35919784248956
5.281734693877552 109.60683562070433
5.291734693877553 109.49386551966128
5.3017346938775525 109.48138245982501
5.311734693877552 109.46427790455414
5.321734693877552 109.54553550431163
5.331734693877553 108.98989900445261
5.3417346938775525 109.0139558477096
5.351734693877552 109.04082160027622
5.361734693877552 109.47181147144784
5.371734693877553 109.20246604335182
5.3817346938775525 109.41651081108442
5.391734693877552 109.6032544444125
5.401734693877552 109.74740273916254
5.411734693877552 109.65981825590333
5.421734693877553 109.92475174174663
5.431734693877552 109.82400618350928
5.441734693877552 109.67987240041201
5.451734693877552 109.2496416731428
5.461734693877553 109.10023378193817
5.471734693877552 108.8693049932631
5.481734693877552 108.54825391953946
5.491734693877552 108.53521386150146
5.501734693877553 109.1399393733612
5.511734693877552 109.23922862203088
5.521734693877552 109.35690987452654
5.531734693877552 109.58064341839265
5.541734693877553 110.00444944955157
5.5517346938775525 109.81798242177054
5.561734693877552 109.711152597999
5.571734693877552 109.43946660374289
5.581734693877553 109.29720178269382
5.5917346938775525 109.16391321813899
5.601734693877552 109.32346092976637
5.611734693877552 109.3616965490326
5.621734693877553 109.19035944980997
5.6317346938775525 109.24438443692003
5.641734693877552 109.04845839428283
5.651734693877552 108.87522418891255
5.661734693877552 108.8683870841873
5.671734693877553 108.99029558403906
5.681734693877552 108.61209643703597
5.691734693877552 108.83770231933931
5.701734693877552 108.61410368299369
5.711734693877553 108.56935534780987
5.721734693877552 108.55508439492453
5.731734693877552 108.42078801349419
5.741734693877552 108.38135349692796
5.751734693877553 108.57686914780885
5.761734693877552 108.37342124168752
5.771734693877552 107.98911603407585
5.781734693877552 107.87302405154205
5.791734693877553 108.35792593939274
5.8017346938775525 108.33347231762113
5.811734693877552 108.42437921031197
5.821734693877552 108.46864824625398
5.831734693877553 108.39038868709895
5.8417346938775525 108.45355698244417
5.851734693877552 108.23862062998744
5.861734693877552 108.2948614580854
5.871734693877553 108.2520752724808
5.8817346938775525 108.44509089680498
5.891734693877552 108.19059522422104
5.901734693877552 108.49128277918325
5.911734693877552 108.2824123556045
5.921734693877553 108.1447272151783
5.931734693877552 108.50847741352642
5.941734693877552 108.70915934295057
5.951734693877552 108.76793711304012
5.961734693877553 108.9400955920879
5.971734693877552 108.99295339032548
5.981734693877552 109.06155495003955
5.991734693877552 109.89232577636723
6.001734693877553 109.8744925919269
6.011734693877552 109.16647669401266
6.021734693877552 108.86038167470001
6.031734693877552 108.91094977809539
6.041734693877553 107.91402279574925
6.0517346938775525 108.4466951776202
6.061734693877552 108.76806043448182
6.071734693877552 108.23507183877018
6.081734693877553 107.9534022232326
6.0917346938775525 109.24223660250733
6.101734693877552 109.30490739487007
6.111734693877552 109.47515978589067
6.121734693877553 110.46070305452336
6.1317346938775525 110.99923168613977
6.141734693877552 109.20491368319014
6.151734693877552 107.62248348395191
7.871734693877553 112.43473880196068
7.8817346938775525 119.99211174612239
8.161734693877554 133.78180841258316
8.171734693877554 132.97570429412303
8.181734693877553 129.56080060522225
8.191734693877553 128.79846988611868
8.201734693877553 124.46335856287182
8.211734693877553 126.73191258810573
8.221734693877552 127.12404203973388
8.231734693877554 126.3301637924654
8.241734693877554 126.3536698237928
8.251734693877554 126.67598491031863
8.261734693877553 126.73451384010778
8.271734693877553 126.6802319548813
8.281734693877553 126.53643244324027
8.291734693877553 126.89032411637683
8.301734693877553 127.52099003978954
8.311734693877554 127.66679630009864
8.321734693877554 127.61912857821926
8.331734693877554 127.3039690199037
8.341734693877553 126.99176579994926
8.351734693877553 127.24541327066922
8.361734693877553 127.71469017103895
8.371734693877553 127.43280453057066
8.381734693877553 127.48089117368616
8.391734693877554 127.3022381174596
8.401734693877554 127.98314225414967
8.411734693877554 128.2866266778671
8.421734693877554 127.81846373417187
8.431734693877553 127.93109299921366
8.441734693877553 128.62637063227788
8.451734693877553 128.8701266481327
8.461734693877553 129.138463342255
8.471734693877552 129.38041230846207
8.481734693877554 129.22276725566712
8.491734693877554 129.12427509104916
8.501734693877554 128.95538183677834
8.511734693877553 128.58637863791552
8.521734693877553 128.21325796685363
8.531734693877553 128.35624673104178
8.541734693877553 128.86305693159744
8.551734693877553 128.81757408296897
8.561734693877554 128.60065074641753
8.571734693877554 128.62544369792488
8.581734693877554 128.61335154221916
8.591734693877553 128.2265543704182
8.601734693877553 127.83620986031833
8.611734693877553 127.55029494580413
8.621734693877553 127.51444202048899
8.631734693877553 127.5969680772657
8.641734693877554 127.70046607851961
8.651734693877554 127.72569036470374
8.661734693877554 127.78719185926076
8.671734693877554 127.8548606344284
8.681734693877553 128.01879246148383
8.691734693877553 128.04462988296237
8.701734693877553 128.20959128195796
8.711734693877553 128.10413319274053
8.721734693877554 128.3834492793497
8.731734693877554 128.42718464378146
8.741734693877554 128.4125958148454
8.751734693877554 128.3189495774843
8.761734693877553 128.54104837302998
8.771734693877553 128.87484501161194
8.781734693877553 128.47824809674213
8.791734693877553 128.8402420231514
8.801734693877553 128.9402242655281
8.811734693877554 128.54157614118932
8.821734693877554 128.7516699428372
8.831734693877554 128.970070267841
8.841734693877553 129.067861865449
8.851734693877553 128.9604391562192
8.861734693877553 128.88833986312483
8.871734693877553 128.95341594940905
8.881734693877553 128.8379525967784
8.891734693877554 128.83885790834995
8.901734693877554 129.1735462169427
8.911734693877554 129.46587321254708
8.921734693877554 129.67104755630348
8.931734693877553 130.0366295218925
8.941734693877553 130.3989430880809
8.951734693877553 130.37034117162764
8.961734693877553 130.15296050769646
8.971734693877554 130.5799453273804
8.981734693877554 130.19564977221285
8.991734693877554 129.13557165643414
9.001734693877554 127.25637305918913
9.011734693877553 126.13557140326766
9.021734693877553 127.4850428842091
9.031734693877553 127.70198994943902
9.041734693877553 130.83708138084629
9.191734693877553 110.25120934646797
9.201734693877553 109.59498875300669
9.211734693877553 109.6602598178801
9.221734693877554 109.56613037068524
9.231734693877554 108.1063478595402
9.241734693877554 107.99781055570327
9.251734693877554 108.3930885158756
9.261734693877553 108.28434107016105
9.271734693877553 107.90256259706658
9.281734693877553 107.47440653479644
9.291734693877553 107.52189062779838
9.301734693877553 107.25344763163837
9.311734693877554 107.11842677030396
9.321734693877554 107.71742178058155
9.331734693877554 107.73308225091372
9.341734693877553 107.71740800791407
9.351734693877553 108.38210346803059
9.361734693877553 108.63346456944411
9.371734693877553 108.78193552144042
9.381734693877553 108.47256732875343
9.391734693877554 108.45254404824712
9.401734693877554 108.3376506485476
9.411734693877554 108.53902093103012
9.421734693877554 108.36876723529772
9.431734693877553 108.42282157227307
9.441734693877553 108.8990111533663
9.451734693877553 109.16078721784882
9.461734693877553 109.36270704866702
9.471734693877554 109.30120943155588
9.481734693877554 108.40561270642004
9.491734693877554 108.39561833594574
9.501734693877554 108.00870090297671
9.511734693877553 108.01660637409157
9.521734693877553 108.23867932397874
9.531734693877553 108.47562874047351
9.541734693877553 108.46705184266997
9.551734693877553 108.97797887333498
9.561734693877554 109.53898923344511
9.571734693877554 109.03038658798384
9.581734693877554 108.96174400051474
9.591734693877553 108.70972677212914
9.601734693877553 108.68880540298862
9.611734693877553 108.56221477571808
9.621734693877553 108.78967931149091
9.631734693877553 108.73765407848964
9.641734693877554 108.53542503971882
9.651734693877554 108.43274338168597
9.661734693877554 108.41673093352902
9.671734693877554 109.0715226927871
9.681734693877553 109.08599343845496
9.691734693877553 108.94907244513767
9.701734693877553 108.54187841080787
9.711734693877553 108.63444309698811
9.721734693877554 108.44610918359606
9.731734693877554 108.46243534687935
9.741734693877554 108.49270357881326
9.751734693877554 108.33394731779553
9.761734693877553 108.69665960880239
9.771734693877553 108.76184008709443
9.781734693877553 108.89719198141097
9.791734693877553 108.96496904726796
9.801734693877553 109.16374588825768
9.811734693877554 109.10155396120774
9.821734693877554 108.81586586320553
9.831734693877554 108.91573147193225
9.841734693877553 108.0399016780464
9.851734693877553 107.69809668207722
9.861734693877553 108.00507045441444
9.871734693877553 107.75590180973816
9.881734693877553 107.8265993110473
9.891734693877554 108.05100142098597
9.901734693877554 108.6421184012216
9.911734693877554 108.96858876928742
9.921734693877554 108.54280025451465
9.931734693877553 108.92666843858488
9.941734693877553 108.77227291598349
9.951734693877553 108.82071878573544
9.961734693877553 108.93026324420104
9.971734693877554 109.23584343544238
9.981734693877554 109.33731064367566
9.991734693877554 109.12391146040278
10.001734693877554 108.75227863196109
10.011734693877553 108.93107620868646
10.021734693877553 108.61063686535361
10.031734693877553 107.96091884972698
10.041734693877553 108.18899686190449
10.051734693877552 107.92615453495114
10.061734693877554 107.88385956871176
10.071734693877554 107.99066203986132
10.081734693877554 108.06154577682524
10.091734693877553 108.35664008799863
10.101734693877553 108.50950164520947
10.111734693877553 108.13231493501634
10.121734693877553 107.78156767851257
10.131734693877553 108.30344027729193
10.141734693877554 107.83728630982134
10.151734693877554 106.64739857714078
10.161734693877554 106.50155739907731
10.171734693877553 107.9737009846861
10.181734693877553 108.12479776901205
10.381734693877553 118.16079823039638
10.391734693877554 120.05442023468619
10.581734693877554 120.96287030391974
11.821734693877554 123.52607805967365
11.831734693877554 124.25507707822344
11.921734693877553 114.54309913832257
11.931734693877553 120.2342251751563
11.941734693877553 141.0181252221982
12.141734693877554 134.2056043251798
12.151734693877554 130.0539509186578
12.161734693877554 130.04163713930157
12.171734693877553 130.0299222466191
12.181734693877553 128.994658175072
12.191734693877553 128.7913411990331
12.201734693877553 129.87008637665332
12.211734693877553 129.95783575380807
12.221734693877554 129.4337109765588
12.231734693877554 129.1747765539698
12.241734693877554 128.3894020083373
12.251734693877554 128.49080565691622
12.261734693877553 127.89757660877204
12.271734693877553 128.09114380336501
12.281734693877553 128.25999118329796
12.291734693877553 128.75404962136415
12.301734693877554 128.63782824348593
12.311734693877554 128.85410291788196
12.321734693877554 129.03259230814754
12.331734693877554 129.10354111402302
12.341734693877553 129.1927585780433
12.351734693877553 128.8909226113383
12.361734693877553 128.49656410189831
12.371734693877553 128.392004231518
12.381734693877553 128.19232427697156
12.391734693877554 128.20722819279695
12.401734693877554 128.04160200097226
12.411734693877554 128.267843916822
12.421734693877553 128.32151702753683
12.431734693877553 127.83601646480862
12.441734693877553 127.81892329790301
12.451734693877553 127.72831197490325
12.461734693877553 127.78256147354115
12.471734693877554 128.28754542702458
12.481734693877554 128.12646372167868
12.491734693877554 128.15314392168992
12.501734693877554 127.92943030175557
12.511734693877553 128.26126630116158
12.521734693877553 128.0383565715437
12.531734693877553 128.09660785373782
12.541734693877553 128.06187878097535
12.551734693877554 128.06111637129013
12.561734693877554 128.1566120314635
12.571734693877554 128.36596212482038
12.581734693877554 128.4734932729825
12.591734693877553 128.46311193695252
12.601734693877553 128.4617530141668
12.611734693877553 128.50159129237872
12.621734693877553 128.796382586381
12.631734693877553 129.02218389232132
12.641734693877554 128.8371573024377
12.651734693877554 128.55178400445482
12.661734693877554 127.88585178061761
12.671734693877553 128.27753474351397
12.681734693877553 128.59353326876524
12.691734693877553 128.79066318241073
12.701734693877553 128.81261275335157
12.711734693877553 128.84123213039518
12.721734693877554 128.8217730896378
12.731734693877554 129.2590697479532
12.741734693877554 129.54143441109088
12.751734693877554 129.35506542953652
12.761734693877553 129.27847151238132
12.771734693877553 129.18987488736462
12.781734693877553 128.8339531249821
12.791734693877553 128.7550754386168
12.801734693877554 128.93531124470067
12.811734693877554 129.09724193617353
12.821734693877554 128.97686733154808
12.831734693877554 129.2726625813458
12.841734693877553 129.3158553804693
12.851734693877553 129.4538324155647
12.861734693877553 129.3630266154076
12.871734693877553 129.45516019408848
12.881734693877553 129.66492148141552
12.891734693877554 129.81208715182615
12.901734693877554 130.0368254975025
12.911734693877554 130.33842091068954
12.921734693877553 130.10810007140913
12.931734693877553 129.59735489324478
12.941734693877553 129.52787125145042
12.951734693877553 129.81102592271105
12.961734693877553 129.1849179034319
12.971734693877554 128.49384482789796
12.981734693877554 127.92487565769041
12.991734693877554 127.00368270358257
13.001734693877554 126.3019682473114
13.011734693877553 128.50251970311749
13.021734693877553 129.28313896357994
13.031734693877553 127.135791658819
13.041734693877553 125.28903532227258
13.051734693877554 124.13345784664006
13.151734693877554 123.89020779968962
13.161734693877554 116.20672525695869
13.171734693877553 109.04782212874385
13.181734693877553 108.75841278620366
13.191734693877553 108.87913773486035
13.201734693877553 108.46017774558362
13.211734693877553 108.43226514466244
13.221734693877554 108.31444873045092
13.231734693877554 108.57361656017765
13.241734693877554 108.57696896527796
13.251734693877554 108.55904589153506
13.261734693877553 108.53350715417079
13.271734693877553 108.72882952526038
13.281734693877553 108.67354302846465
13.291734693877553 109.08639155569126
13.301734693877554 109.17877941720997
13.311734693877554 109.21028865716177
13.321734693877554 109.08775518229945
13.331734693877554 109.26270655168888
13.341734693877553 109.32099287906263
13.351734693877553 109.11144167135593
13.361734693877553 108.97894156687778
13.371734693877553 108.9575933092694
13.381734693877553 109.1201232146404
13.391734693877554 109.51697329440017
13.401734693877554 109.61483512363026
13.411734693877554 109.41163523548211
13.421734693877553 108.99101186732246
13.431734693877553 108.98975233180253
13.441734693877553 108.6812974844184
13.451734693877553 108.52267216166884
13.461734693877553 108.9624973496251
13.471734693877554 109.3087936045204
13.481734693877554 108.82531121337223
13.491734693877554 108.52961438737137
13.501734693877554 108.30316618299143
13.511734693877553 108.19308284329628
13.521734693877553 107.99119362377792
13.531734693877553 108.29949607581183
13.541734693877553 108.67863526355742
13.551734693877554 108.56686949434766
13.561734693877554 108.71712981315892
13.571734693877554 108.57873171290206
13.581734693877554 108.4661458660442
13.591734693877553 108.22660183733059
13.601734693877553 108.30772333317834
13.611734693877553 108.54129053872428
13.621734693877553 108.7884888258283
13.631734693877553 108.28236056831946
13.641734693877554 108.96794151065028
13.651734693877554 108.794771098834
13.661734693877554 108.38980815017968
13.671734693877553 108.0744087415603
13.681734693877553 107.65568866416704
13.691734693877553 107.91814422116389
13.701734693877553 107.93094296806063
13.711734693877553 107.87572453680201
13.721734693877554 107.50482824875267
13.731734693877554 107.65385205633542
13.741734693877554 107.73792256222588
13.751734693877554 107.80240456105831
13.761734693877553 107.48350914025443
13.771734693877553 108.0393737746177
13.781734693877553 107.95391551195924
13.791734693877553 107.25995984823366
13.801734693877554 107.07825781846827
13.811734693877554 107.24537588385334
13.821734693877554 106.83204127002541
13.831734693877554 106.29877890509015
13.841734693877553 106.57048204924642
13.851734693877553 106.91725751587202
13.861734693877553 107.2874728289273
13.871734693877553 107.08234537841146
13.881734693877553 107.32097331801741
13.891734693877554 107.76585285862764
13.901734693877554 107.87416320767285
13.911734693877554 107.87008475246152
13.921734693877553 107.72737916611185
13.931734693877553 107.72830862085893
13.941734693877553 107.53959679435673
13.951734693877553 107.7234965977327
13.961734693877553 107.82109691235439
13.971734693877554 108.3422562824863
13.981734693877554 108.03043824385954
13.991734693877554 107.72385331226621
14.001734693877554 107.71243992459361
14.011734693877553 107.97964251603022
14.021734693877553 108.00501454382474
14.031734693877553 108.8347205683743
14.041734693877553 108.39305649939887
14.051734693877554 108.49328631798691
14.061734693877554 110.30219522950243
14.071734693877554 111.19638894269745
14.081734693877554 112.11367094216648
14.691734693877553 110.83358818386357
15.061734693877554 130.53438431963366
15.071734693877554 127.75687810673702
15.081734693877554 124.69874940078044
15.871734693877553 129.35602280704717
15.881734693877554 123.18024126206177
