0.17173469387755233 130.35227929939683
0.18173469387755234 130.448707949264
0.19173469387755235 130.2418256624777
0.20173469387755233 131.7106341992499
0.21173469387755234 131.27562248232414
0.22173469387755235 130.5832503014022
0.23173469387755233 130.31257391369635
0.24173469387755234 130.62867864475447
0.2517346938775523 131.0939184646713
0.2617346938775523 131.1313326679698
0.27173469387755234 130.69271040117104
0.28173469387755234 130.3376638717883
0.29173469387755235 130.36800660408383
0.30173469387755236 130.60589243421157
0.3117346938775523 130.4893476360752
0.3217346938775523 129.96121412013565
0.33173469387755233 129.65068054112575
0.34173469387755234 129.21041775510452
0.35173469387755235 128.88785859378683
0.36173469387755236 128.8373010599241
0.37173469387755237 128.87341488028798
0.3817346938775523 128.72853765178803
0.39173469387755233 128.39046502265182
0.40173469387755234 127.89438301102258
0.41173469387755235 127.45095579958911
0.42173469387755236 126.70238829832546
0.43173469387755237 126.96440747905018
0.4417346938775523 127.41903321537158
0.45173469387755233 127.73308953554529
0.46173469387755234 127.55617989401826
0.47173469387755235 127.67487170377471
0.48173469387755236 128.1820619051979
0.49173469387755236 128.30699964245102
0.5017346938775523 128.29020824709127
0.5117346938775523 127.76399371587866
0.5217346938775523 127.38650987783915
0.5317346938775523 126.88278169204087
0.5417346938775524 126.47152063919503
0.5517346938775524 127.00469017293157
0.5617346938775524 127.53233329011701
0.5717346938775524 127.7217330738193
0.5817346938775524 128.0151092458795
0.5917346938775524 128.4353625085373
0.6017346938775523 128.4724531394343
0.6117346938775523 128.6853814913598
0.6217346938775523 128.6418514119452
0.6317346938775523 128.37273329395052
0.6417346938775523 128.60853295901526
0.6517346938775523 128.57866316126405
0.6617346938775524 128.39523226843653
0.6717346938775524 128.50951869913013
0.6817346938775524 128.25899641925108
0.6917346938775524 128.4887569390335
0.7017346938775524 128.40043387156575
0.7117346938775524 128.67539611461157
0.7217346938775524 128.5068929327848
0.7317346938775523 128.2868632525486
0.7417346938775523 128.4909100399666
0.7517346938775523 128.39673707491306
0.7617346938775523 128.03359606218478
0.7717346938775523 128.35188409847788
0.7817346938775523 128.45736477912766
0.7917346938775524 128.35193834364836
0.8017346938775524 128.27463652921108
0.8117346938775524 128.30271734965189
0.8217346938775524 128.3129787010254
0.8317346938775524 128.4639265558491
0.8417346938775524 128.1376470723934
0.8517346938775524 128.22428587214614
0.8617346938775523 128.07219351262552
0.8717346938775523 128.0499649734821
0.8817346938775523 128.02649449922458
0.8917346938775523 127.83149255012803
0.9017346938775523 127.46263643277088
0.9117346938775524 127.77406601602134
0.9217346938775524 127.87034253210314
0.9317346938775524 128.12972469765305
0.9417346938775524 128.03244442163538
0.9517346938775524 127.94209424062286
0.9617346938775524 128.16495211172682
0.9717346938775524 128.41524033358834
0.9817346938775523 128.39859246739024
0.9917346938775523 128.54666196018795
1.0017346938775522 128.5614799316334
1.0117346938775522 128.50926042439872
1.0217346938775522 128.16772374809534
1.0317346938775522 127.21626330908113
1.0417346938775522 126.30103390524852
1.0517346938775523 125.24743610644998
1.0617346938775523 123.42077299539805
1.0717346938775523 121.16722789164972
1.0817346938775523 117.57825369241083
1.0917346938775523 112.38172513446587
1.1017346938775523 109.74946332836582
1.1117346938775523 107.20849839849285
1.1217346938775523 105.4097880537344
1.1317346938775523 103.7153111010954
1.1417346938775523 103.2843850134952
1.1517346938775523 104.98534336851694
1.1617346938775523 104.91436611611091
1.1717346938775524 104.27453197291179
1.1817346938775521 103.91567945021687
1.1917346938775522 104.29676491889997
1.2017346938775522 104.36855921588985
1.2117346938775522 104.91325269111164
1.2217346938775522 105.1766303087144
1.2317346938775522 106.07001221925782
1.2417346938775522 106.49579814876293
1.2517346938775522 106.85132344508878
1.2617346938775522 106.72964202040966
1.2717346938775522 106.64714460947273
1.2817346938775522 107.12834426223932
1.2917346938775522 107.79375788885989
1.3017346938775523 107.51304728669334
1.3117346938775523 107.76405284998005
1.3217346938775523 108.03565802446366
1.3317346938775523 108.21393499463804
1.3417346938775523 107.85054320386647
1.3517346938775523 108.21845819575435
1.3617346938775523 107.78744782512952
1.3717346938775523 107.86166985467821
1.3817346938775523 107.71865072581916
1.3917346938775523 107.51862640141935
1.4017346938775523 107.41583305909671
1.4117346938775523 107.17675620097297
1.4217346938775524 107.28315268583182
1.4317346938775521 107.33442716003697
1.4417346938775522 106.67144860721777
1.4517346938775522 106.90385349012037
1.4617346938775522 106.93662850293025
1.4717346938775522 107.16437713338385
1.4817346938775522 106.87486568544468
1.4917346938775522 106.61142492995855
1.5017346938775522 106.99531933820752
1.5117346938775522 106.78386261297051
1.5217346938775522 106.55734284904662
1.5317346938775522 106.97483148599174
1.5417346938775522 106.32700779395796
1.5517346938775523 106.1824615061386
1.5617346938775523 105.7710932854621
1.5717346938775523 106.36154494836862
1.5817346938775523 105.16876284517969
1.5917346938775523 105.76789779184067
1.6017346938775523 106.32666443286969
1.6117346938775523 105.49455003985669
1.6217346938775523 106.51051353955893
1.6317346938775523 106.51684021188301
1.6417346938775523 106.48529214912874
1.6517346938775523 106.01417976630712
1.6617346938775523 105.909984409207
1.6717346938775524 106.04814052627131
1.6817346938775524 106.27466481770533
1.6917346938775522 105.83480322885231
1.7017346938775522 106.39213381142505
1.7117346938775522 106.38978886374625
1.7217346938775522 106.68975812444819
1.7317346938775522 105.93194704745048
1.7417346938775522 105.98249217711252
1.7517346938775522 106.40642112185853
1.7617346938775522 106.50368631207384
1.7717346938775522 106.97854333595227
1.7817346938775522 107.1101703139527
1.7917346938775522 107.13846227362185
1.8017346938775523 107.64472100979292
1.8117346938775523 107.2684127733404
1.8217346938775523 108.0062635513559
1.8317346938775523 108.17181643095759
1.8417346938775523 108.06669613871927
1.8517346938775523 107.7043286966965
1.8617346938775523 107.06709727557546
1.8717346938775523 106.7978933341027
1.8817346938775523 106.3444978905784
1.8917346938775523 105.29325700207401
1.9017346938775523 105.16510872836169
1.9117346938775523 104.93879330437942
1.9217346938775524 104.98496320816983
1.9317346938775524 103.93889508844286
1.9417346938775522 104.26779648749924
1.9517346938775522 103.46509812110418
1.9617346938775522 104.99098652058616
1.9717346938775522 104.3641497043195
1.9817346938775522 105.4295153979388
1.9917346938775522 111.66691848550019
2.001734693877552 118.2398882560295
2.0117346938775524 120.24797979084603
2.0217346938775522 122.53774356710579
2.0317346938775525 124.79998503317101
2.0417346938775522 125.47801494794929
2.0517346938775525 126.42845387245062
2.0617346938775523 127.7504706958851
2.071734693877552 128.2763075241497
2.0817346938775523 128.79248154884507
2.091734693877552 129.0489563765821
2.1017346938775523 129.31695119680617
2.111734693877552 129.9947698858948
2.1217346938775523 130.7627893696324
2.131734693877552 130.9638368097824
2.1417346938775523 131.3740602586748
2.151734693877552 131.44921547123806
2.1617346938775523 131.50619111852822
2.171734693877552 131.32321748224527
2.1817346938775524 131.01847691210168
2.191734693877552 130.77487734433487
2.2017346938775524 130.71836621783052
2.211734693877552 130.62442870327845
2.2217346938775524 130.28754908728902
2.231734693877552 130.09951304748438
2.2417346938775524 129.98329559569837
2.251734693877552 130.0222616887759
2.2617346938775524 129.86218351459678
2.2717346938775522 129.46439568839634
2.2817346938775525 129.3124727852792
2.2917346938775522 128.80007338268857
2.3017346938775525 128.5630604252062
2.3117346938775523 128.6022902709172
2.3217346938775525 128.7167018310445
2.3317346938775523 128.83943584900263
2.341734693877552 128.4561021160122
2.3517346938775523 128.36046867472444
2.361734693877552 127.95021050541799
2.3717346938775523 127.77839451216941
2.381734693877552 127.85455973077283
2.3917346938775523 127.85322756735178
2.401734693877552 127.83743789587615
2.4117346938775523 127.85950197225272
2.421734693877552 127.77706245347026
2.4317346938775524 127.83034353392847
2.441734693877552 128.037023770758
2.4517346938775524 127.96310163199047
2.461734693877552 127.80179696126062
2.4717346938775524 127.7393901049635
2.481734693877552 127.97444089929266
2.4917346938775524 128.19333893037447
2.501734693877552 128.0018974282282
2.5117346938775524 128.09495171081682
2.5217346938775522 128.28504634291465
2.5317346938775525 128.5173565792628
2.5417346938775522 128.5370800009048
2.5517346938775525 128.55481702121511
2.5617346938775523 128.71071990897366
2.5717346938775525 128.80332468153767
2.5817346938775523 128.45117912976417
2.591734693877552 128.09885835123583
2.6017346938775523 127.82343481832942
2.611734693877552 127.90749483923518
2.6217346938775523 128.03357792347944
2.631734693877552 128.19370061222978
2.6417346938775523 128.45896279551394
2.651734693877552 128.66422918416677
2.6617346938775523 129.03459193927597
2.671734693877552 129.71107921594825
2.6817346938775524 129.9028472963181
2.691734693877552 129.75223984198837
2.7017346938775524 129.9927599423969
2.711734693877552 130.35030097769516
2.7217346938775524 130.110270035853
2.731734693877552 129.86026873276975
2.7417346938775524 129.81213249490813
2.751734693877552 129.80459808694192
2.7617346938775524 129.43054307888642
2.7717346938775522 129.41201757154073
2.7817346938775525 129.49479904938025
2.7917346938775522 129.41266367686373
2.8017346938775525 129.5389614006081
2.8117346938775523 129.39733265406647
2.8217346938775525 129.4783670630388
2.8317346938775523 129.438046483217
2.841734693877552 129.12335107214236
2.8517346938775523 129.34570002061707
2.861734693877552 129.60822455205164
2.8717346938775523 129.92740715578825
2.881734693877552 129.76236047870808
2.8917346938775523 129.60376852442587
2.901734693877552 129.70948532227237
2.9117346938775523 129.41405414638095
2.921734693877552 129.34074773921583
2.9317346938775524 129.03533126122878
2.941734693877552 128.98327132356192
2.9517346938775524 129.04652473825473
2.961734693877552 128.56093221048425
2.9717346938775524 129.01626466709584
2.981734693877552 129.08207586807424
2.9917346938775524 128.84808444720827
3.001734693877552 128.96358344334095
3.0117346938775524 128.6384534971355
3.0217346938775522 128.4989705514087
3.0317346938775525 128.7056426464779
3.0417346938775522 128.64716398106498
3.0517346938775525 128.26714391656054
3.0617346938775523 128.36037598083485
3.0717346938775525 128.0665879337109
3.0817346938775523 127.97305740697165
3.0917346938775525 128.3358329817729
3.1017346938775523 128.5981973911932
3.111734693877552 128.66827395581313
3.1217346938775523 129.3659049548458
3.131734693877552 129.7116641875385
3.1417346938775523 130.41115304738022
3.151734693877552 130.6638215326293
3.1617346938775523 130.93446914703674
3.171734693877552 130.39191063339538
3.1817346938775524 130.01406761899025
3.191734693877552 130.5746509350025
3.2017346938775524 132.35804010282592
3.211734693877552 131.32242961774327
3.2217346938775524 132.59645860932335
3.231734693877552 132.05044190699718
3.2417346938775524 123.204248094305
3.2817346938775525 126.01381801420918
3.2917346938775522 126.56297084741871
3.3017346938775525 124.91609765320787
4.121734693877552 140.27202576752276
4.1317346938775525 138.46541202336834
4.141734693877552 137.82927076618682
4.151734693877552 135.95318219390072
4.161734693877552 131.62714360347843
4.171734693877553 130.30469082444546
4.181734693877552 129.1204158920859
4.191734693877552 127.8071037016263
4.201734693877552 127.53315688705818
4.211734693877553 127.44520331712746
4.221734693877552 127.39820260087365
4.231734693877552 127.05489498801101
4.241734693877552 126.72461577031031
4.251734693877553 126.6886790530788
4.261734693877552 126.60992983523249
4.271734693877552 126.83158679210743
4.281734693877552 126.72742933013953
4.291734693877553 126.23400757484845
4.3017346938775525 126.56310693382453
4.311734693877552 127.0440479371012
4.321734693877552 126.71479540339047
4.331734693877553 126.67273218767089
4.3417346938775525 127.37734137908544
4.351734693877552 127.44692440565498
4.361734693877552 127.40584894283832
4.371734693877553 127.68865170999221
4.3817346938775525 127.59143321273747
4.391734693877552 127.81287505929426
4.401734693877552 127.6103384454267
4.411734693877552 127.4540175051006
4.421734693877553 127.55043695744372
4.431734693877552 127.21224832474161
4.441734693877552 126.91659688123096
4.451734693877552 126.7775572652204
4.461734693877553 126.75710956050887
4.471734693877552 126.70290317756599
4.481734693877552 126.60140858753857
4.491734693877552 126.71295105548029
4.501734693877553 126.79176628449888
4.511734693877552 127.24938603627618
4.521734693877552 126.83484902494838
4.531734693877552 127.39614214545433
4.541734693877553 127.1175721408438
4.5517346938775525 127.07577933808965
4.561734693877552 126.97037199661528
4.571734693877552 127.0763428981689
4.581734693877553 127.25003708711517
4.5917346938775525 127.68657884594805
4.601734693877552 127.86461768775521
4.611734693877552 127.72700977274259
4.621734693877553 127.80284554023444
4.6317346938775525 127.55614086160955
4.641734693877552 127.78765252765213
4.651734693877552 127.74354504427923
4.661734693877552 127.5471471951207
4.671734693877553 127.48635470341942
4.681734693877552 127.64822654334938
4.691734693877552 127.6042792356298
4.701734693877552 127.8612154733607
4.711734693877553 127.82474923829969
4.721734693877552 127.5314697991706
4.731734693877552 127.44572086060994
4.741734693877552 127.3184581493113
4.751734693877553 126.7418707816813
4.761734693877552 126.87978276331656
4.771734693877552 127.16036299540167
4.781734693877552 127.11185274456159
4.791734693877553 127.4379243487106
4.8017346938775525 127.09989105627422
4.811734693877552 127.14472942104472
4.821734693877552 127.40064667813462
4.831734693877553 127.44404605748747
4.8417346938775525 127.60898008945952
4.851734693877552 128.11038594721364
4.861734693877552 127.73910906704025
4.871734693877553 127.81654276076644
4.8817346938775525 127.91704416823447
4.891734693877552 127.84133285449629
4.901734693877552 127.88459583117344
4.911734693877552 127.72331953949787
4.921734693877553 127.40211644258433
4.931734693877552 127.00388292142168
4.941734693877552 126.88190959709897
4.951734693877552 126.9332100603025
4.961734693877553 127.29225586105915
4.971734693877552 127.43241240970299
4.981734693877552 127.79709832287863
4.991734693877552 127.49555393042698
5.001734693877553 127.62848130734301
5.011734693877552 127.576934689186
5.021734693877552 127.45812058169128
5.031734693877552 127.65632966252797
5.041734693877553 127.67121131939575
5.0517346938775525 127.65235930936194
5.061734693877552 127.2482162350431
5.071734693877552 126.11571566576367
5.081734693877553 125.51481129076211
5.0917346938775525 124.59118019827369
5.101734693877552 123.09698301425672
5.111734693877552 122.2018651720766
5.121734693877553 120.12462334504848
5.1317346938775525 117.33582346666223
5.141734693877552 113.45663541672393
5.151734693877552 110.50585821867651
5.161734693877552 107.7789737416843
5.171734693877553 105.84129468365144
5.181734693877552 105.4091620973731
5.191734693877552 104.17596852800017
5.201734693877552 103.69422026590706
5.211734693877553 103.3944348592658
5.221734693877552 103.15045047455497
5.231734693877552 103.25454358826326
5.241734693877552 104.22974963375955
5.251734693877553 104.67167504051834
5.261734693877552 105.20916716532729
5.271734693877552 105.57936072008084
5.281734693877552 105.96166458960433
5.291734693877553 106.85466388058948
5.3017346938775525 106.74613644664657
5.311734693877552 106.76005082139089
5.321734693877552 106.81852969668496
5.331734693877553 106.52257340029543
5.3417346938775525 106.80925984397048
5.351734693877552 107.2075554119879
5.361734693877552 107.125515744831
5.371734693877553 107.47269842552161
5.3817346938775525 107.29259068216679
5.391734693877552 107.02051074199491
5.401734693877552 107.16467456746966
5.411734693877552 107.2504072285773
5.421734693877553 106.96842212552015
5.431734693877552 107.0413394925722
5.441734693877552 106.55672385984627
5.451734693877552 106.11257107181684
5.461734693877553 106.17619847009134
5.471734693877552 105.87479984331146
5.481734693877552 106.28883131400568
5.491734693877552 106.29382886373435
5.501734693877553 106.54487788879052
5.511734693877552 106.36983917592656
5.521734693877552 106.42595920230197
5.531734693877552 106.68274713440435
5.541734693877553 106.66908087472714
5.5517346938775525 106.33978635479174
5.561734693877552 106.82101638435078
5.571734693877552 107.08798532706327
5.581734693877553 106.96592205541552
5.5917346938775525 106.30051621082414
5.601734693877552 106.05539439335239
5.611734693877552 106.05338327513714
5.621734693877553 106.01517937878552
5.6317346938775525 106.02124766267659
5.641734693877552 106.20938309367159
5.651734693877552 106.35312755357124
5.661734693877552 105.67414439207231
5.671734693877553 106.49463882726072
5.681734693877552 106.1053897630566
5.691734693877552 105.86613164681603
5.701734693877552 106.01222265427224
5.711734693877553 106.00825889920843
5.721734693877552 106.35032906817933
5.731734693877552 106.34080584787911
5.741734693877552 105.83037883500265
5.751734693877553 106.0382302353449
5.761734693877552 106.15680728607062
5.771734693877552 105.9858195087252
5.781734693877552 105.55650355672783
5.791734693877553 105.74891987324912
5.8017346938775525 105.8466156570103
5.811734693877552 105.72435970037343
5.821734693877552 105.41551311042963
5.831734693877553 105.59114265196699
5.8417346938775525 105.46929472765525
5.851734693877552 105.40269715374698
5.861734693877552 105.6008538824149
5.871734693877553 105.7542828059321
5.8817346938775525 106.40631276559031
5.891734693877552 106.02940624277718
5.901734693877552 105.98775482690414
5.911734693877552 106.0593097082093
5.921734693877553 106.28417106465486
5.931734693877552 106.44588737969957
5.941734693877552 106.64809663621533
5.951734693877552 106.3155882281597
5.961734693877553 105.79403420937976
5.971734693877552 105.66597386385426
5.981734693877552 105.41620230956164
5.991734693877552 104.68303686438281
6.001734693877553 103.956134738009
6.011734693877552 104.3134163844128
6.021734693877552 103.25300533012356
6.031734693877552 105.37554463876573
6.061734693877552 113.67148116524207
6.071734693877552 114.81836081231499
6.081734693877553 116.28607619966586
6.0917346938775525 114.08039427228722
6.101734693877552 118.08187833156599
6.111734693877552 122.36534578654718
6.121734693877553 124.61018817921762
6.1317346938775525 125.02156552622077
6.141734693877552 125.06663793730206
6.151734693877552 125.20397817724943
6.161734693877553 126.56726632126569
6.171734693877553 127.04296404515166
6.181734693877552 127.30109786771492
6.191734693877552 127.60601646730231
6.201734693877552 127.81238966059881
6.211734693877553 127.98843576608466
6.221734693877552 128.08545268608455
6.231734693877552 127.91492638525857
6.241734693877552 128.0071736488885
6.251734693877553 128.01963609264592
6.261734693877552 128.02701873199493
6.271734693877552 127.60809484619115
6.281734693877552 127.35023322154035
6.291734693877553 126.88029831440296
6.3017346938775525 127.05824605587108
6.311734693877552 127.02064984683908
6.321734693877552 126.89253953256
6.331734693877553 126.55099389565977
6.3417346938775525 126.54594067588823
6.351734693877552 126.4832069580145
6.361734693877552 126.43787140497123
6.371734693877553 126.29102038117874
6.3817346938775525 126.12427305999826
6.391734693877552 126.01879172830967
6.401734693877552 126.28477403615918
6.411734693877553 126.37328041188455
6.421734693877553 126.42462797959266
6.431734693877552 126.44773572496462
6.441734693877552 126.421943413481
6.451734693877552 126.47177783908792
6.461734693877553 126.3518277726943
6.471734693877552 126.50101343364699
6.481734693877552 126.67462811382472
6.491734693877552 126.78550002575577
6.501734693877553 127.04499985002083
6.511734693877552 127.120552158455
6.521734693877552 127.1443299617743
6.531734693877552 127.16047104557656
6.541734693877553 127.47870683344829
6.5517346938775525 127.76346441613636
6.561734693877552 128.10403846474205
6.571734693877552 128.5318455133153
6.581734693877553 128.66289063303918
6.5917346938775525 128.456271413341
6.601734693877552 128.69994680433967
6.611734693877552 128.75317270718352
6.621734693877553 128.93435022010505
6.6317346938775525 129.0705592948822
6.641734693877552 128.84335783764837
6.651734693877552 128.74546643140815
6.661734693877553 128.83707170632752
6.671734693877553 129.0351276903702
6.681734693877552 128.94175277244938
6.691734693877552 128.97924678318492
6.701734693877552 129.02383632503765
6.711734693877553 129.06229675641862
6.721734693877552 129.09811360537245
6.731734693877552 128.93572674471142
6.741734693877552 128.90335625312582
6.751734693877553 128.8602589150898
6.761734693877552 128.76657888733425
6.771734693877552 128.7329270012435
6.781734693877552 128.6313341360476
6.791734693877553 128.67741507882363
6.8017346938775525 128.88195482574451
6.811734693877552 128.78780023331709
6.821734693877552 128.4690410450606
6.831734693877553 128.33815035493046
6.8417346938775525 128.2811411679353
6.851734693877552 128.04669589904407
6.861734693877552 128.19138224928483
6.871734693877553 128.27064212584926
6.8817346938775525 128.35648135384054
6.891734693877552 128.54241645126922
6.901734693877552 128.73892780860476
6.911734693877553 128.65706539840485
6.921734693877553 128.90220243447976
6.931734693877552 128.82218861028667
6.941734693877552 128.95866108295772
6.951734693877552 129.08986291913993
6.961734693877553 128.86780243034397
6.971734693877552 128.86369127480856
6.981734693877552 129.0019459166944
6.991734693877552 129.02272252893837
7.001734693877553 128.61320584497685
7.011734693877552 128.5026022170066
7.021734693877552 128.3406547245001
7.031734693877552 128.2127729153338
7.041734693877553 127.82905917054501
7.0517346938775525 127.7713420143656
7.061734693877552 127.74602185616126
7.071734693877552 127.75942828204286
7.081734693877553 127.90245296446365
7.0917346938775525 127.76906562135578
7.101734693877552 127.7124500663555
7.111734693877552 127.87211420524027
7.121734693877553 128.01466286497194
7.1317346938775525 128.38525441055026
7.141734693877552 130.2487428966244
7.151734693877552 130.3158300677353
7.161734693877553 129.50638996243885
7.171734693877553 129.14376435611268
7.181734693877552 127.73205452004574
7.191734693877552 127.37227409469165
7.201734693877552 128.46260676887167
7.211734693877553 125.58094907780172
8.121734693877553 146.43202071465325
8.131734693877553 146.98551289314878
8.141734693877554 133.47146985038395
8.151734693877554 133.45815880851737
8.161734693877554 133.9208440009085
8.171734693877554 132.91031233450553
8.181734693877553 128.52875103921235
8.191734693877553 127.5534647659486
8.201734693877553 127.44243171230077
8.211734693877553 127.59588442167872
8.221734693877552 127.38347821997466
8.231734693877554 127.35924824789346
8.241734693877554 127.23668304246
8.251734693877554 127.29260525768974
8.261734693877553 127.30534413013851
8.271734693877553 127.08833446114782
8.281734693877553 126.8593828254537
8.291734693877553 126.91762756078079
8.301734693877553 126.81309679806897
8.311734693877554 126.70946895165801
8.321734693877554 127.2991585560676
8.331734693877554 126.75492408108452
8.341734693877553 126.91080254969266
8.351734693877553 126.82536335937742
8.361734693877553 126.80789114181229
8.371734693877553 127.118125642667
8.381734693877553 127.13163927762153
8.391734693877554 127.30801686716265
8.401734693877554 127.64525822243148
8.411734693877554 127.48406002483662
8.421734693877554 127.46439473751002
8.431734693877553 127.54976165661647
8.441734693877553 127.36413490117351
8.451734693877553 127.29512826107803
8.461734693877553 127.6130783463484
8.471734693877552 127.83908152199054
8.481734693877554 127.85322974610985
8.491734693877554 127.9231973520733
8.501734693877554 127.99976862069983
8.511734693877553 127.50677657895456
8.521734693877553 127.09255270661409
8.531734693877553 127.41183403685527
8.541734693877553 127.65911295250538
8.551734693877553 127.46097957833713
8.561734693877554 127.8773532071703
8.571734693877554 127.49149154451777
8.581734693877554 127.32292790599715
8.591734693877553 127.30698659250163
8.601734693877553 127.22378369550827
8.611734693877553 127.21240687338623
8.621734693877553 127.07320481618683
8.631734693877553 126.61811082098592
8.641734693877554 126.68432812393372
8.651734693877554 127.03414896872567
8.661734693877554 126.86679925395886
8.671734693877554 126.83107338938467
8.681734693877553 127.10646769366932
8.691734693877553 127.41452434325802
8.701734693877553 127.4084227195909
8.711734693877553 127.49784016760472
8.721734693877554 127.36876911770304
8.731734693877554 127.59516206499765
8.741734693877554 127.52496833060574
8.751734693877554 127.43380247904058
8.761734693877553 128.08423941163912
8.771734693877553 127.85799452882864
8.781734693877553 127.52810655165418
8.791734693877553 127.57146903329179
8.801734693877553 127.48530196157166
8.811734693877554 127.65167201299029
8.821734693877554 127.49681833466146
8.831734693877554 127.37632520894192
8.841734693877553 127.21719025609009
8.851734693877553 127.3348362323718
8.861734693877553 127.67802944188922
8.871734693877553 127.41860018244799
8.881734693877553 126.9671986157499
8.891734693877554 126.71596267650516
8.901734693877554 126.96004216234476
8.911734693877554 127.02306111218039
8.921734693877554 127.27308562603999
8.931734693877553 127.28068563144336
8.941734693877553 127.65071314511988
8.951734693877553 127.69352999633095
8.961734693877553 127.64256682089638
8.971734693877554 127.93564499598632
8.981734693877554 127.94981780099687
8.991734693877554 128.2991102858212
9.001734693877554 128.7127180842385
9.011734693877553 128.26521865144582
9.021734693877553 128.52639003197524
9.031734693877553 128.7034417106537
9.041734693877553 129.16464631343635
9.051734693877553 129.1918367073195
9.061734693877554 128.89450437571776
9.071734693877554 128.57431721909143
9.081734693877554 127.69427203093791
9.091734693877553 126.56811733682868
9.101734693877553 125.08289578628475
9.111734693877553 123.14155521436854
9.121734693877553 120.57105096396602
9.131734693877553 116.69425016145321
9.141734693877554 113.3261428352344
9.151734693877554 109.88155437868784
9.161734693877554 107.75016703301604
9.171734693877554 106.39279949045368
9.181734693877553 104.96129687969244
9.191734693877553 103.63658296896745
9.201734693877553 102.57665681199148
9.211734693877553 102.73499205184244
9.221734693877554 103.10690822648478
9.231734693877554 103.88238882103755
9.241734693877554 103.86083342247674
9.251734693877554 103.98110716386847
9.261734693877553 104.7180382761241
9.271734693877553 105.47432203542505
9.281734693877553 105.98792692299642
9.291734693877553 106.41074655924099
9.301734693877553 106.29908995654039
9.311734693877554 106.31499593845245
9.321734693877554 106.32416439904738
9.331734693877554 106.01304847503062
9.341734693877553 106.383889603815
9.351734693877553 106.60273641706556
9.361734693877553 106.90795473712572
9.371734693877553 106.73901151615333
9.381734693877553 106.62664794491346
9.391734693877554 106.95413899246473
9.401734693877554 107.11127419510248
9.411734693877554 106.69041568702325
9.421734693877554 106.62518136740147
9.431734693877553 106.59111818125196
9.441734693877553 106.4160914101664
9.451734693877553 105.75245462043429
9.461734693877553 106.05017859717884
9.471734693877554 106.34510533331022
9.481734693877554 106.96767177493655
9.491734693877554 106.04551424190394
9.501734693877554 106.12313894595712
9.511734693877553 106.64146254159975
9.521734693877553 106.6175589352366
9.531734693877553 105.98054742653005
9.541734693877553 106.58062863775449
9.551734693877553 106.22027450146948
9.561734693877554 106.13044624150453
9.571734693877554 106.028182425024
9.581734693877554 106.22426157583143
9.591734693877553 106.01338572668051
9.601734693877553 106.3534094378822
9.611734693877553 106.01809904149412
9.621734693877553 105.56817546802885
9.631734693877553 105.00520347196833
9.641734693877554 104.7832039411317
9.651734693877554 105.11637458243774
9.661734693877554 105.07413565516096
9.671734693877554 105.26188043091051
9.681734693877553 105.45756847525114
9.691734693877553 105.16185557441709
9.701734693877553 105.40375782581701
9.711734693877553 105.65924037124147
9.721734693877554 106.05886287192523
9.731734693877554 106.64149142722691
9.741734693877554 106.70461123730209
9.751734693877554 106.72068540252556
9.761734693877553 106.79012204264974
9.771734693877553 106.08939824361107
9.781734693877553 106.28263673245405
9.791734693877553 106.6030526046491
9.801734693877553 105.91961687961451
9.811734693877554 106.51904454583828
9.821734693877554 106.61639279338947
9.831734693877554 106.00678076910283
9.841734693877553 106.04207089826086
9.851734693877553 106.23961288532581
9.861734693877553 105.2067793107012
9.871734693877553 106.29780422599538
9.881734693877553 106.20457372470473
9.891734693877554 106.8268860211504
9.901734693877554 107.3775597243569
9.911734693877554 107.14584925450337
9.921734693877554 107.16410084170707
9.931734693877553 107.08999693856045
9.941734693877553 106.80632736932061
9.951734693877553 106.5993034768491
9.961734693877553 106.40252921389644
9.971734693877554 105.00292887279308
9.981734693877554 104.88462195585026
9.991734693877554 104.65175244475863
10.001734693877554 104.60589211970893
10.011734693877553 104.13887118070349
10.021734693877553 105.61345092286273
10.031734693877553 108.32628440173858
10.041734693877553 108.0345109786543
10.051734693877552 110.81341320372957
10.061734693877554 111.28457525779366
10.071734693877554 113.26244892116543
10.081734693877554 117.12293329358359
10.091734693877553 121.73009925470514
10.101734693877553 124.31858672853352
10.111734693877553 126.4559046115893
10.121734693877553 127.9934329252683
10.131734693877553 129.03391671351233
10.141734693877554 130.16964461515155
10.151734693877554 131.1564057358653
10.161734693877554 131.9338804926791
10.171734693877553 132.33855117155665
10.181734693877553 132.41720393551776
10.191734693877553 132.33208421436052
10.201734693877553 132.2587476988915
10.211734693877553 132.1466238574893
10.221734693877554 132.09775650628757
10.231734693877554 132.04979856526643
10.241734693877554 131.54891139916202
10.251734693877554 131.06868523591635
10.261734693877553 131.05128006792546
10.271734693877553 131.0702504605941
10.281734693877553 130.92624383378302
10.291734693877553 131.0069209345455
10.301734693877552 130.52386129320243
10.311734693877554 130.29570066468762
10.321734693877554 130.036801867572
10.331734693877554 129.80815792499715
10.341734693877553 129.67966332527766
10.351734693877553 129.37387144764895
10.361734693877553 129.19965802764457
10.371734693877553 129.07581751700474
10.381734693877553 129.0249818555883
10.391734693877554 128.78043610709238
10.401734693877554 128.50061816645854
10.411734693877554 128.23321479094037
10.421734693877553 128.23914524009848
10.431734693877553 128.39865366186584
10.441734693877553 128.56119817614106
10.451734693877553 128.59925272420293
10.461734693877553 128.6801363424725
10.471734693877554 128.6567814970102
10.481734693877554 128.51686334379627
10.491734693877554 128.3545466527682
10.501734693877554 128.44418191280994
10.511734693877553 128.4594877394899
10.521734693877553 128.21373461274783
10.531734693877553 127.92279215578964
10.541734693877553 127.71168402177167
10.551734693877552 127.69781574622522
10.561734693877554 127.51025813279234
10.571734693877554 127.53054348701028
10.581734693877554 127.26365251731963
10.591734693877553 127.21165015816045
10.601734693877553 127.33945656413711
10.611734693877553 127.38667399712342
10.621734693877553 127.5531544225339
10.631734693877553 127.55680052181349
10.641734693877554 127.73782488640937
10.651734693877554 127.83523936144347
10.661734693877554 127.9071565806956
10.671734693877553 128.1602648405009
10.681734693877553 128.33928357439711
10.691734693877553 128.55165218380827
10.701734693877553 128.6728625413702
10.711734693877553 128.9903535161623
10.721734693877554 129.05470406202323
10.731734693877554 128.99737981063973
10.741734693877554 128.9625402649078
10.751734693877554 128.80443802644325
10.761734693877553 128.60973495976936
10.771734693877553 128.2158309514297
10.781734693877553 128.13824933857086
10.791734693877553 128.23787370980443
10.801734693877552 128.2190253896901
10.811734693877554 128.3171945398574
10.821734693877554 128.42056229148662
10.831734693877554 128.7751320675615
10.841734693877553 129.0656307025182
10.851734693877553 128.94407245750952
10.861734693877553 129.08917872516147
10.871734693877553 128.892463465245
10.881734693877553 128.82852091781677
10.891734693877554 128.994566981499
10.901734693877554 129.15453866865727
10.911734693877554 129.08236201882534
10.921734693877553 129.4323860123224
10.931734693877553 129.50739149880926
10.941734693877553 129.62421395853175
10.951734693877553 129.71795960912235
10.961734693877553 129.7542484402029
10.971734693877554 129.9041287979651
10.981734693877554 129.93985687829604
10.991734693877554 129.3768897301604
11.001734693877554 128.8768304408167
11.011734693877553 128.69697291847754
11.021734693877553 128.67639736403802
11.031734693877553 128.48737888551224
11.041734693877553 128.1744481313909
11.051734693877552 127.98977900908933
11.061734693877554 127.75004990177308
11.071734693877554 128.03195775363648
11.081734693877554 127.74636977738018
11.091734693877553 127.60441762892857
11.101734693877553 128.34191098768196
11.111734693877553 128.92535012349114
11.121734693877553 128.87536532337438
11.131734693877553 128.46435553787248
11.141734693877554 128.47278631285926
11.151734693877554 128.17285513107956
11.161734693877554 128.17177246396167
11.171734693877553 130.17790429588322
11.181734693877553 134.25602531809085
12.101734693877553 129.20091848088637
12.111734693877553 129.87082385027148
12.121734693877553 133.49643487317238
12.131734693877553 133.49999115513245
12.141734693877554 122.59094146722313
12.151734693877554 124.05179930088998
12.161734693877554 122.49151229730792
12.171734693877553 121.85088326788446
12.181734693877553 122.48339073330645
12.191734693877553 122.76010246018105
12.201734693877553 122.77824460625104
12.211734693877553 122.91947164585827
12.221734693877554 122.96757534418602
12.231734693877554 123.07858034900858
12.241734693877554 123.22389747284831
12.251734693877554 123.75313679893793
12.261734693877553 123.9030803003591
12.271734693877553 124.20721946391828
12.281734693877553 123.58369960431318
12.291734693877553 123.64457082654806
12.301734693877554 124.07264663485157
12.311734693877554 124.47907869203509
12.321734693877554 124.46805017905078
12.331734693877554 124.63819845532592
12.341734693877553 124.83418598444885
12.351734693877553 125.2518242583677
12.361734693877553 125.18610477745283
12.371734693877553 125.4016840934934
12.381734693877553 125.71416360449042
12.391734693877554 125.84080526843948
12.401734693877554 126.02594612929654
12.411734693877554 126.31062755338955
12.421734693877553 126.53552859799827
12.431734693877553 126.39439928441605
12.441734693877553 126.20723018471855
12.451734693877553 126.37753540756562
12.461734693877553 126.70211824090963
12.471734693877554 126.95731085825547
12.481734693877554 127.02566642217062
12.491734693877554 126.97545329622763
12.501734693877554 126.83628738040511
12.511734693877553 126.72645172744991
12.521734693877553 126.99222841786344
12.531734693877553 126.84696733232745
12.541734693877553 126.76284509836582
12.551734693877554 126.94631649356052
12.561734693877554 126.7953935849096
12.571734693877554 126.9188796664417
12.581734693877554 126.91125053782957
12.591734693877553 127.11747420884475
12.601734693877553 127.0594257597911
12.611734693877553 126.92676150323992
12.621734693877553 126.76054415576192
12.631734693877553 126.51228054615392
12.641734693877554 126.48709817484264
12.651734693877554 126.52515093475418
12.661734693877554 126.74151186201584
12.671734693877553 126.91125769755875
12.681734693877553 126.85787328342913
12.691734693877553 127.04754039334267
12.701734693877553 126.78919945131642
12.711734693877553 126.62291756665178
12.721734693877554 126.63414337440211
12.731734693877554 126.50789140648462
12.741734693877554 126.22216323283693
12.751734693877554 126.4188121265787
12.761734693877553 126.33470986164623
12.771734693877553 125.9796617395449
12.781734693877553 125.86151207752516
12.791734693877553 125.58405145115141
12.801734693877554 125.54566995205383
12.811734693877554 125.1401597426779
12.821734693877554 125.44104297578347
12.831734693877554 125.68030777029543
12.841734693877553 125.96142252479432
12.851734693877553 126.17292551252928
12.861734693877553 126.20508456150822
12.871734693877553 126.29546514340731
12.881734693877553 126.36230557421877
12.891734693877554 126.78350534048678
12.901734693877554 127.06912379066266
12.911734693877554 127.19341335875572
12.921734693877553 127.24460382317808
12.931734693877553 127.39314431404452
12.941734693877553 127.26925320894456
12.951734693877553 127.08871410236195
12.961734693877553 126.97008211536627
12.971734693877554 126.91054655996744
12.981734693877554 126.72848928890862
12.991734693877554 126.91840970327098
13.001734693877554 126.84067879869534
13.011734693877553 126.78253934806781
13.021734693877553 127.07481311009579
13.031734693877553 127.07782357830956
13.041734693877553 126.90491711394586
13.051734693877554 126.5239520358324
13.061734693877554 125.92155625871933
13.071734693877554 125.67741763583793
13.081734693877554 124.601746045116
13.091734693877553 123.51074901511366
13.101734693877553 122.2380618079749
13.111734693877553 119.91928400130809
13.121734693877553 115.66211540225811
13.131734693877553 113.16181691279178
13.141734693877554 109.99074799146773
13.151734693877554 107.75249795698674
13.161734693877554 105.88143719301695
13.171734693877553 105.44878032695175
13.181734693877553 105.73573965070067
13.191734693877553 106.01045423345
13.201734693877553 105.8723807666068
13.211734693877553 105.60450691587471
13.221734693877554 105.10972240257612
13.231734693877554 105.03406126994483
13.241734693877554 105.43148130451519
13.251734693877554 105.679943448071
13.261734693877553 106.50563166233562
13.271734693877553 106.93478407131951
13.281734693877553 106.85398622912997
13.291734693877553 106.82280565733204
13.301734693877554 106.47896781113425
13.311734693877554 106.09913951285547
13.321734693877554 106.26926175965824
13.331734693877554 106.43956690643245
13.341734693877553 107.00627190528284
13.351734693877553 106.94237181700497
13.361734693877553 106.62969417412589
13.371734693877553 106.85775738489342
13.381734693877553 106.70625595112169
13.391734693877554 106.71054601235782
13.401734693877554 106.69143813528301
13.411734693877554 106.84575795776043
13.421734693877553 106.37176901754802
13.431734693877553 106.33869145323577
13.441734693877553 106.4196542462714
13.451734693877553 106.43388344609758
13.461734693877553 106.51517678661979
13.471734693877554 106.9684474828493
13.481734693877554 106.54079585805219
13.491734693877554 106.1740807407652
13.501734693877554 106.31248685892393
13.511734693877553 106.21374730819043
13.521734693877553 106.03035018069785
13.531734693877553 105.71939862941318
13.541734693877553 105.50556384423764
13.551734693877554 105.48021225810382
13.561734693877554 105.259177992041
13.571734693877554 104.96215265726781
13.581734693877554 104.98177460272893
13.591734693877553 105.07301693262315
13.601734693877553 105.37063955114942
13.611734693877553 105.19797524054228
13.621734693877553 105.62292113956397
13.631734693877553 106.06168385659383
13.641734693877554 105.99424049620748
13.651734693877554 106.0290228909492
13.661734693877554 106.54690058401982
13.671734693877553 106.29270544383935
13.681734693877553 106.13158036713271
13.691734693877553 106.20433337407103
13.701734693877553 106.27035726875981
13.711734693877553 106.1193033898246
13.721734693877554 105.80663892349288
13.731734693877554 105.38193144275392
13.741734693877554 105.4943618091533
13.751734693877554 105.22545061035582
13.761734693877553 105.75218585568017
13.771734693877553 105.35059158380555
13.781734693877553 105.51711369054978
13.791734693877553 105.31157894439167
13.801734693877554 105.83610301322295
13.811734693877554 106.07497952965329
13.821734693877554 106.07490370718287
13.831734693877554 105.8497464557209
13.841734693877553 106.21574434274451
13.851734693877553 105.90747097995975
13.861734693877553 105.38412421809468
13.871734693877553 105.49975637895295
13.881734693877553 105.34985279247267
13.891734693877554 106.4440562145983
13.901734693877554 106.4408093928153
13.911734693877554 106.38624611597908
13.921734693877553 105.7442795489185
13.931734693877553 105.42037021191442
13.941734693877553 105.82423472182144
13.951734693877553 106.01086735635647
13.961734693877553 105.3763210992741
13.971734693877554 106.07725866726229
13.981734693877554 106.3770927268668
13.991734693877554 106.40804120986554
14.001734693877554 105.81661885045591
14.011734693877553 106.86948797488935
14.021734693877553 105.12712296647301
14.041734693877553 115.6376731717404
14.051734693877554 117.01007460289665
14.061734693877554 115.81039293712426
14.071734693877554 116.64823093840906
14.081734693877554 119.94586771549133
14.091734693877553 124.34291915129111
14.101734693877553 125.76711201094096
14.111734693877553 129.12015382461047
14.121734693877553 129.5847612048209
14.131734693877553 129.94233126803485
14.141734693877554 129.76263444312454
14.151734693877554 129.5585897676581
14.161734693877554 129.33745051922367
14.171734693877553 129.31258579215086
14.181734693877553 129.33204534604033
14.191734693877553 129.4930304350287
14.201734693877553 129.55075724975742
14.211734693877553 129.43067074579247
14.221734693877554 129.1250643199846
14.231734693877554 128.79937169956804
14.241734693877554 128.6575963642045
14.251734693877554 128.7416471772063
14.261734693877553 128.5652270215315
14.271734693877553 128.50212741745324
14.281734693877553 128.51861056826905
14.291734693877553 128.4182396816392
14.301734693877554 128.1735591379181
14.311734693877554 128.26789688901243
14.321734693877554 128.11083627675268
14.331734693877554 127.99820241873132
14.341734693877553 127.62493124390241
14.351734693877553 127.45543342516478
14.361734693877553 127.4481253753399
14.371734693877553 127.3171293163412
14.381734693877553 127.41923612087005
14.391734693877554 127.41392531619739
14.401734693877554 127.66655119621728
14.411734693877554 127.7984644643671
14.421734693877553 128.07654016409919
14.431734693877553 128.12859710470326
14.441734693877553 127.9374424313163
14.451734693877553 127.90139022989817
14.461734693877553 127.69439693905056
14.471734693877554 127.66977546067595
14.481734693877554 127.7872918697932
14.491734693877554 127.79685073007401
14.501734693877554 127.91319772020239
14.511734693877553 128.2071978512183
14.521734693877553 128.43378184204295
14.531734693877553 128.58381972163198
14.541734693877553 128.66873498762317
14.551734693877554 128.83974938040495
14.561734693877554 128.5257964807977
14.571734693877554 128.49361361582348
14.581734693877554 128.43588536717044
14.591734693877553 128.5476346196822
14.601734693877553 128.7405602936908
14.611734693877553 128.86601810869774
14.621734693877553 128.94120820243896
14.631734693877553 128.85410332015104
14.641734693877554 128.62274814631155
14.651734693877554 128.75586041457595
14.661734693877554 128.78557856412158
14.671734693877553 128.48279829497469
14.681734693877553 128.61361002863018
14.691734693877553 128.7493196092679
14.701734693877553 128.70816617791453
14.711734693877553 128.66834673595343
14.721734693877554 128.79442818852502
14.731734693877554 128.71530728529203
14.741734693877554 128.85816265346605
14.751734693877554 128.99982698119595
14.761734693877553 128.84142466113113
14.771734693877553 128.93082852318182
14.781734693877553 128.76808331808928
14.791734693877553 128.721452928753
14.801734693877554 128.86035350469857
14.811734693877554 128.6860462594562
14.821734693877554 128.57942632002013
14.831734693877554 128.55614491086206
14.841734693877553 128.42604101673973
14.851734693877553 128.4465828549344
14.861734693877553 128.65642200228504
14.871734693877553 128.36185308244242
14.881734693877553 128.1332546582329
14.891734693877554 128.04155597160354
14.901734693877554 128.22268646140986
14.911734693877554 128.09103922601867
14.921734693877553 128.299822225941
14.931734693877553 128.14885113109116
14.941734693877553 128.12628833278174
14.951734693877553 128.0039161451995
14.961734693877553 128.03223766546273
14.971734693877554 128.27922630430555
14.981734693877554 128.01265393793992
14.991734693877554 127.94599157537054
15.001734693877554 128.20381791920755
15.011734693877553 128.1834579018158
15.021734693877553 127.98560883080097
15.031734693877553 128.22751589929354
15.041734693877553 128.24273064374017
15.051734693877554 127.9488971500945
15.061734693877554 127.84618800306197
15.071734693877554 127.72574925952588
15.081734693877554 127.94576035497576
15.091734693877553 127.90605529500382
15.101734693877553 127.55619205849847
15.111734693877553 127.29572467454102
15.121734693877553 127.76667241123673
15.131734693877553 127.94717378084806
15.141734693877554 128.6109853322534
15.151734693877554 128.6950303131022
15.161734693877554 128.9114218236379
15.171734693877553 129.8537603777025
15.181734693877553 127.95656549092028
15.191734693877553 123.89814046843863
15.201734693877553 125.18822699580895
15.211734693877553 129.71910876972137
15.501734693877554 126.66430005374175
15.511734693877553 109.43548623657574
