0.0705102040816324 146.33961273299207
0.0805102040816324 150.9019515619378
0.0905102040816324 142.65142918435012
0.1005102040816324 134.27315924448882
0.1105102040816324 130.7610675861463
0.1205102040816324 130.2767051281536
0.13051020408163239 128.9788709687009
0.1405102040816324 128.04068892807874
0.1505102040816324 127.16742986485637
0.1605102040816324 125.26526594356187
0.1705102040816324 122.50283495185518
0.1805102040816324 120.10167821398899
0.1905102040816324 119.22505244031713
0.2005102040816324 117.82173450378622
0.2105102040816324 116.96281862540732
0.2205102040816324 116.12253172538531
0.2305102040816324 116.08214847891162
0.2405102040816324 116.07390691443034
0.2505102040816324 117.32422744337376
0.2605102040816324 117.993018733215
0.2705102040816324 118.51018220855215
0.2805102040816324 118.08873544640335
0.2905102040816324 118.80110941075749
0.3005102040816324 119.2542470373599
0.3105102040816324 120.26051625550839
0.3205102040816324 121.185077312856
0.3305102040816324 120.93959046246205
0.3405102040816324 120.93426281001977
0.3505102040816324 119.69374089508811
0.3605102040816324 119.3865024485345
0.37051020408163243 119.20093446045642
0.3805102040816324 118.79376977932378
0.3905102040816324 118.43500271881206
0.4005102040816324 117.87170453320329
0.4105102040816324 117.80065085445021
0.4205102040816324 118.0007623918817
0.43051020408163243 118.37597878169558
0.4405102040816324 116.95966808175785
0.4505102040816324 119.00280795659089
0.4605102040816324 119.15705990101368
0.4705102040816324 119.8614633664229
0.4805102040816324 121.26322778844985
0.49051020408163243 120.82763420060775
0.5005102040816324 120.0813735561849
0.5105102040816324 120.26456590886025
0.5205102040816324 119.9008076280565
0.5305102040816324 119.93717929588887
0.5405102040816324 120.45772270950098
0.5505102040816324 119.91175700306883
0.5605102040816324 120.63747290577733
0.5705102040816324 120.89734694691747
0.5805102040816325 122.17721702298887
0.5905102040816325 122.2629230381054
0.6005102040816324 122.35420465059322
0.6105102040816324 121.78774833703669
0.6205102040816324 121.5219796774114
0.6305102040816324 121.302171835818
0.6405102040816324 122.09058884516408
0.6505102040816324 122.2201809933873
0.6605102040816324 121.7533142765185
0.6705102040816324 122.16871794992112
0.6805102040816324 121.30653822839577
0.6905102040816324 120.78587243314449
0.7005102040816325 122.24971922939368
0.7105102040816325 122.54524416846719
0.7205102040816325 122.09052605535734
0.7305102040816324 123.66045920507656
0.7405102040816324 125.70530275993667
0.7505102040816324 134.11648175675126
0.7605102040816324 135.42316946168953
0.7705102040816324 135.33272042485558
0.7805102040816324 135.85736945596759
0.7905102040816324 135.1983837399385
0.8005102040816324 135.15815205028616
0.8105102040816324 133.6905455996837
0.8205102040816324 133.54612093953796
0.8305102040816325 133.03298461622023
0.8405102040816325 132.46271260852814
0.8505102040816325 132.15847205355868
0.8605102040816324 130.67412996320576
0.8705102040816324 130.71662128007478
0.8805102040816324 129.95076584413175
0.8905102040816324 130.4063408337326
0.9005102040816324 130.3129898584999
0.9105102040816324 129.04833549513248
0.9205102040816324 129.9347401620858
0.9305102040816324 129.15373185238542
0.9405102040816324 129.653104602346
0.9505102040816325 130.63726775352458
0.9605102040816325 129.2658666532454
0.9705102040816325 129.5228196460374
0.9805102040816324 129.62400055831793
0.9905102040816324 129.78242616236062
1.0005102040816323 130.92275961673417
1.0105102040816323 130.38274594266863
1.0205102040816323 130.6553304657808
1.0305102040816323 130.34660642294995
1.0405102040816323 130.17956517586654
1.0505102040816323 130.73615192529667
1.0605102040816323 129.90029541869768
1.0705102040816323 129.84610610928675
1.0805102040816323 128.61056782679603
1.0905102040816324 126.94748362440873
1.1005102040816324 126.94648498038255
1.1105102040816324 125.6703293925906
1.1205102040816324 124.2323458526743
1.1305102040816324 123.93634500953989
1.1405102040816324 121.9844599584815
1.1505102040816324 120.05538208197189
1.1605102040816324 119.94938483135454
1.1705102040816324 119.45718607367105
1.1805102040816322 117.39568618255463
1.1905102040816322 114.95345638883535
1.2005102040816322 113.2926924872603
1.2105102040816322 113.0643043102713
1.2205102040816322 111.35048959144095
1.2305102040816323 110.26815330537787
1.2405102040816323 110.1938373047633
1.2505102040816323 109.92142345611114
1.2605102040816323 110.12923475296749
1.2705102040816323 109.87988822418338
1.2805102040816323 108.96530101444277
1.2905102040816323 108.98331911892436
1.3005102040816323 108.06782873556268
1.3105102040816323 109.67684763242548
1.3205102040816323 109.37167719814752
1.3305102040816323 108.4302555343248
1.3405102040816324 109.1778559213642
1.3505102040816324 109.08247493072956
1.3605102040816324 110.04768894223045
1.3705102040816324 110.48430073473361
1.3805102040816324 109.75303789779302
1.3905102040816324 109.92488192845245
1.4005102040816324 108.8753231100784
1.4105102040816324 108.87106085434463
1.4205102040816324 110.51414090152561
1.4305102040816322 110.17997480195538
1.4405102040816322 109.37595304994983
1.4505102040816322 110.04647508462759
1.4605102040816322 109.40591861267862
1.4705102040816322 110.0297069614516
1.4805102040816323 111.0312268160117
1.4905102040816323 111.20702543782065
1.5005102040816323 110.17942373858253
1.5105102040816323 109.71158136475756
1.5205102040816323 109.77294279363265
1.5305102040816323 110.8465094194387
1.5405102040816323 110.805208641382
1.5505102040816323 110.45103887775896
1.5605102040816323 112.01071186764123
1.5705102040816323 113.28783730525186
1.5805102040816323 112.21553145773676
1.5905102040816324 109.75241015055867
1.6005102040816324 109.51403845200369
1.6105102040816324 112.19611198767531
1.6205102040816324 113.28903238205339
1.6305102040816324 114.14151594843821
1.6405102040816324 112.22967638140393
1.6505102040816324 111.93897065944978
1.6605102040816324 111.63179424930853
1.6705102040816324 111.16883038253681
1.6805102040816324 109.71364532964864
1.6905102040816322 108.45736781609054
1.7005102040816322 108.05023726037305
1.7105102040816322 108.59800592656883
1.7205102040816322 108.77979768092793
1.7305102040816323 109.59885699071532
1.7405102040816323 110.16081651043655
1.7505102040816323 109.74274468931966
1.7605102040816323 110.88181356344224
1.7705102040816323 113.16056143028763
1.7805102040816323 112.58818078387897
1.7905102040816323 110.44110016731157
1.8005102040816323 109.48516753604365
1.8105102040816323 109.4939819870634
1.8205102040816323 110.29369222847079
1.8305102040816323 111.62849964945704
1.8405102040816324 112.0091390634997
1.8505102040816324 111.50927238200526
1.8605102040816324 111.7715895746772
1.8705102040816324 109.94802842530062
1.8805102040816324 108.95461952522766
1.8905102040816324 108.6228825958739
1.9005102040816324 113.21246080282518
1.9105102040816324 113.60294401092942
1.9205102040816324 113.4494129573551
1.9305102040816324 113.91771640582273
1.9405102040816322 113.74575090354882
1.9505102040816322 112.88743478394055
1.9605102040816322 110.82011879870227
1.9705102040816322 111.07214871108283
1.9805102040816323 110.61735222012389
1.9905102040816323 109.85393145095482
2.0005102040816323 109.53088440603514
2.0105102040816325 110.0921793942082
2.0205102040816323 110.16113779815804
2.0305102040816325 109.52730439162347
2.0405102040816323 106.65360834700355
2.0505102040816325 106.13968238002265
2.0605102040816323 107.54585622732834
2.070510204081632 107.14456137809796
2.0805102040816323 106.02695621258141
2.090510204081632 103.41189454377675
2.1005102040816324 101.09464773279753
2.110510204081632 104.09124228046053
2.1205102040816324 107.353786786675
2.130510204081632 109.78255615325183
2.1405102040816324 112.77732565175839
2.150510204081632 113.00536365317504
2.1605102040816324 109.98637199904795
2.170510204081632 113.2018915179805
2.1805102040816324 113.75853862006102
2.190510204081632 114.66366046657534
2.2005102040816324 115.8459581179693
2.2105102040816322 116.83572908076145
2.2205102040816325 117.88801676477438
2.2305102040816323 121.65988210571403
2.2405102040816325 124.25868565138103
2.2505102040816323 124.17665469550319
2.2605102040816325 123.63249981905442
2.2705102040816323 123.89883236693831
2.2805102040816325 122.79642611703144
2.2905102040816323 123.63848458295779
2.3005102040816325 122.72940769204433
2.3105102040816323 121.8112776447731
2.3205102040816326 121.93924763059267
2.3305102040816323 121.00778417974827
2.340510204081632 119.46912362261727
2.3505102040816324 118.45401459798923
2.360510204081632 117.14713517447822
2.3705102040816324 117.60251175727261
2.380510204081632 119.07581856683896
2.3905102040816324 118.58697233574355
2.400510204081632 118.76347703638368
2.4105102040816324 117.37593334205853
2.420510204081632 117.32584641427289
2.4305102040816324 118.67987845970748
2.440510204081632 119.073060963157
2.4505102040816324 118.43804417982695
2.4605102040816322 116.24858493253477
2.4705102040816325 116.72954703416929
2.4805102040816323 116.88975212695182
2.4905102040816325 117.44251499776182
2.5005102040816323 116.70945813257315
2.5105102040816325 117.61728306607998
2.5205102040816323 116.3626550072472
2.5305102040816325 116.23865083221771
2.5405102040816323 117.93861820550862
2.5505102040816325 117.64672689031443
2.5605102040816323 118.14669387594851
2.5705102040816326 118.202626229641
2.5805102040816323 117.36953971640351
2.590510204081632 117.41706668123554
2.6005102040816324 117.52165042634661
2.610510204081632 117.50849483984459
2.6205102040816324 118.20400854121999
2.630510204081632 117.979928366867
2.6405102040816324 117.64601265317279
2.650510204081632 118.70551133692503
2.6605102040816324 118.82874106210602
2.670510204081632 118.87074883032409
2.6805102040816324 117.49298794155382
2.690510204081632 117.09040473132421
2.7005102040816324 117.57353775154988
2.7105102040816322 117.66017425123495
2.7205102040816325 117.95972653295561
2.7305102040816323 119.34208431987356
2.7405102040816325 119.55346748536257
2.7505102040816323 118.40285677271766
2.7605102040816325 119.39372641765928
2.7705102040816323 120.20406968606636
2.7805102040816325 119.83202562074635
2.7905102040816323 119.0357101621483
2.8005102040816325 119.00274376255176
2.8105102040816323 119.37231990071294
2.8205102040816326 117.55116880536784
2.8305102040816323 117.22065846775077
2.840510204081632 117.92013610974595
2.8505102040816324 116.00533076270071
2.860510204081632 114.18179074174118
2.8705102040816324 113.75605229262575
2.880510204081632 114.50894417446676
2.8905102040816324 115.7267901995983
2.900510204081632 116.26291909439304
2.9105102040816324 118.13959460337972
2.920510204081632 121.36856566120164
2.9305102040816324 126.86373999997107
2.940510204081632 131.40884089869107
2.9505102040816324 134.4998808391484
2.9605102040816322 127.92970962904693
2.9705102040816325 126.9524745242295
2.9805102040816323 121.86722590503162
2.9905102040816325 115.51140214734696
3.0005102040816323 119.38321061644645
3.0105102040816325 114.20333982931834
3.0205102040816323 114.60224382627753
3.0305102040816325 118.68616645381853
3.0405102040816323 118.36909897812198
3.0505102040816325 111.89589530871774
3.0605102040816323 105.54848385470483
3.2905102040816323 120.80750437384722
3.3005102040816325 114.53707410928631
3.3105102040816323 119.35077687759583
3.3205102040816326 129.5782039969131
3.4605102040816322 112.69607542999324
3.4705102040816325 115.74105595860091
4.320510204081632 149.5424149375975
4.330510204081633 141.2706364226735
4.340510204081633 129.52275115088878
4.350510204081632 123.69861969895162
4.360510204081632 119.9000727166708
4.370510204081633 116.4501176894031
4.380510204081633 115.2103306128547
4.390510204081632 115.84023548732048
4.400510204081632 116.25797254318174
4.410510204081632 116.29491784480354
4.420510204081633 116.86528176460355
4.430510204081632 116.27017893285947
4.440510204081632 116.08630356098888
4.450510204081632 115.38503647919119
4.460510204081633 115.08138758360585
4.4705102040816325 114.4232191550636
4.480510204081632 114.58390135903302
4.490510204081632 114.62683436565676
4.500510204081633 114.50811695693982
4.5105102040816325 114.63498837441166
4.520510204081632 114.07951321394245
4.530510204081632 113.42857343566433
4.540510204081633 113.3812902203372
4.5505102040816325 113.86077842582121
4.560510204081632 113.58735510777841
4.570510204081632 114.42763593188823
4.580510204081633 114.73003950407599
4.590510204081633 114.54783671307567
4.600510204081632 114.92674753757007
4.610510204081632 114.29657825986077
4.620510204081633 113.28438755321214
4.630510204081633 113.03487039249684
4.640510204081632 113.05901512570584
4.650510204081632 112.2108991028148
4.660510204081632 111.1428815137812
4.670510204081633 111.55062492953995
4.680510204081632 112.60026050678546
4.690510204081632 112.49469614606971
4.700510204081632 111.17505226369926
4.710510204081633 113.07627751965069
4.7205102040816325 114.35557424662682
4.730510204081632 115.34088628129304
4.740510204081632 115.76409342317936
4.750510204081633 115.75820121024417
4.7605102040816325 115.83057973459164
4.770510204081632 116.60185981345339
4.780510204081632 115.79829013125473
4.790510204081633 116.15190309929983
4.8005102040816325 115.46691732910436
4.810510204081632 117.23765205883899
4.820510204081632 117.25042186343002
4.830510204081633 117.03784034959101
4.840510204081633 117.27204877956483
4.850510204081632 118.62995919722064
4.860510204081632 118.17570891485357
4.870510204081633 118.0011328949419
4.880510204081633 120.71627207877485
4.890510204081632 122.34298831521264
4.900510204081632 122.97324744094153
4.910510204081632 124.2195549611282
4.920510204081633 122.29597228981623
4.930510204081632 122.89868483624855
4.940510204081632 121.10274741510321
4.950510204081632 119.21905736244425
4.960510204081633 119.52943065557288
4.9705102040816325 121.06651123793394
4.980510204081632 119.71501406150236
4.990510204081632 119.32037657368703
5.000510204081633 120.29761185754212
5.0105102040816325 119.96097884525669
5.020510204081632 118.78232214251479
5.030510204081632 120.01299657091194
5.040510204081633 121.91623217916282
5.0505102040816325 119.32161630553546
5.060510204081632 118.40031977615287
5.070510204081632 118.7356601755546
5.080510204081633 118.53611933469266
5.090510204081633 120.25707825577369
5.100510204081632 117.7011751325051
5.110510204081632 115.48262104058674
5.120510204081633 115.31068702646573
5.130510204081633 115.72632310618839
5.140510204081632 115.09144421762075
5.150510204081632 113.1610691731136
5.160510204081632 113.69041587255627
5.170510204081633 115.16544929696016
5.180510204081632 116.52812647854546
5.190510204081632 114.15010899761964
5.200510204081632 111.8355901930207
5.210510204081633 110.52331774250698
5.2205102040816325 110.4287690733355
5.230510204081632 110.45088171760399
5.240510204081632 109.81354256040889
5.250510204081633 110.44333313557111
5.2605102040816325 109.93571038541305
5.270510204081632 112.34908459730667
5.280510204081632 110.63368179825714
5.290510204081633 108.91614361650319
5.3005102040816325 108.11985672549012
5.310510204081632 108.23151172033054
5.320510204081632 106.56863489807112
5.330510204081633 108.03499166008002
5.340510204081633 106.95191974333976
5.350510204081632 106.43195152827582
5.360510204081632 107.51094189662393
5.370510204081633 108.130552847584
5.380510204081633 106.81346854148569
5.390510204081632 106.21986411902388
5.400510204081632 105.38649087286818
5.410510204081632 107.47600679836042
5.420510204081633 108.19504909096122
5.430510204081632 108.61897360666181
5.440510204081632 105.57710599369837
5.450510204081632 103.25072547821776
5.460510204081633 105.80296992573604
5.4705102040816325 105.95096482887202
5.480510204081632 105.84493661367394
5.490510204081632 106.31710949660877
5.500510204081633 107.1494950604074
5.5105102040816325 106.70132245342852
5.520510204081632 107.47848434625715
5.530510204081632 107.065770207387
5.540510204081633 106.00616830199483
5.5505102040816325 104.43320339002325
5.560510204081632 104.48261383738398
5.570510204081632 106.40455356262504
5.580510204081633 106.06253686258725
5.590510204081633 105.57514526849495
5.600510204081632 104.96272396900414
5.610510204081632 104.44047545516699
5.620510204081633 103.3524510016013
5.630510204081633 100.35071147844721
5.640510204081632 101.9850526328262
5.650510204081632 106.33133561609515
5.660510204081632 106.545941406168
5.670510204081633 107.53109509277289
5.680510204081632 107.62686259464499
5.690510204081632 110.77107383852496
5.700510204081632 109.79971610005406
5.710510204081633 111.59066898729291
5.7205102040816325 111.73060410799796
5.730510204081632 110.70672901123162
5.740510204081632 106.49599767126381
5.750510204081633 109.77040095150674
5.7605102040816325 109.32701620068724
5.770510204081632 111.02358265860906
5.780510204081632 110.48479464811868
5.790510204081633 109.3716055356028
5.8005102040816325 107.72535418574302
5.810510204081632 108.23819318942381
5.820510204081632 109.55077027657197
5.830510204081633 110.44475152950399
5.840510204081633 108.7656489046228
5.850510204081632 108.71126408789203
5.860510204081632 109.87313706575198
5.870510204081633 112.96162168931968
5.880510204081633 112.91348444198357
5.890510204081632 110.23632497446926
5.900510204081632 108.86811001999095
5.910510204081632 110.43660861513004
5.920510204081633 110.7596397049884
5.930510204081632 111.47906531553541
5.940510204081632 111.43688285600973
5.950510204081632 111.3371292090948
5.960510204081633 110.94957475465323
5.9705102040816325 110.8422018157776
5.980510204081632 110.53762715605492
5.990510204081632 105.23954394362049
6.000510204081633 104.52494922454234
6.0105102040816325 104.78920604010116
6.020510204081632 105.6755991894596
6.030510204081632 106.91470667022719
6.040510204081633 107.6405283534273
6.0505102040816325 106.04737468901014
6.060510204081632 103.5281342797959
6.070510204081632 105.48077166160276
6.080510204081633 106.83236246430998
6.090510204081633 107.74097948382921
6.100510204081632 106.49745559562353
6.110510204081632 107.32197353501604
6.120510204081633 107.19868115422271
6.130510204081633 103.53135371627823
6.140510204081632 103.0123122957185
6.150510204081632 109.5358554281214
6.160510204081633 112.42296291504599
6.170510204081633 112.32026934596583
6.180510204081632 108.19938624466585
6.190510204081632 104.75984213115457
6.200510204081632 101.23859358131261
6.210510204081633 105.52798242581648
6.2205102040816325 108.02571581902856
6.230510204081632 110.19351863170641
6.240510204081632 111.41695989981757
6.250510204081633 112.60681952905209
6.2605102040816325 113.43865325681348
6.270510204081632 116.4519838843865
6.280510204081632 118.22368480611306
6.290510204081633 119.17701070815477
6.3005102040816325 120.93225749446358
6.310510204081632 121.95011840803157
6.320510204081632 122.05146969051232
6.330510204081633 123.14877643141658
6.340510204081633 123.29724130658819
6.350510204081632 123.55238023168361
6.360510204081632 124.2093675403181
6.370510204081633 121.55833666301731
6.380510204081633 122.98534622551198
6.390510204081632 121.89524471543335
6.400510204081632 121.74326815305453
6.410510204081633 120.2413813799854
6.420510204081633 117.99638650560304
6.430510204081632 116.36001804951545
6.440510204081632 116.22651748570026
6.450510204081632 118.53341857784343
6.460510204081633 115.40948054686221
6.4705102040816325 116.06920988325935
6.480510204081632 117.3007396138795
6.490510204081632 117.66554665471621
6.500510204081633 114.4409171727618
6.5105102040816325 114.16346562136447
6.520510204081632 114.3055430004451
6.530510204081632 117.16496977178775
6.540510204081633 115.99564368425887
6.5505102040816325 114.10028817570856
6.560510204081632 117.820245002235
6.570510204081632 117.82054863626786
6.580510204081633 116.66114532806014
6.590510204081633 113.94481785109919
6.600510204081632 114.73709732802547
6.610510204081632 115.87507237514686
6.620510204081633 114.9351993632365
6.630510204081633 114.14542056482095
6.640510204081632 114.01129960286517
6.650510204081632 114.76416057968245
6.660510204081633 115.17290604932604
6.670510204081633 114.04250817525427
6.680510204081632 113.78145733559278
6.690510204081632 115.69322214977511
6.700510204081632 113.74566753155896
6.710510204081633 112.29069662034782
6.7205102040816325 112.53342051332535
6.730510204081632 112.72548904122344
6.740510204081632 112.04431345345849
6.750510204081633 111.47899719841716
6.7605102040816325 111.31922633541753
6.770510204081632 111.5516326146128
6.780510204081632 112.97371452522671
6.790510204081633 112.2173475922484
6.8005102040816325 110.32456336874361
6.810510204081632 109.69039901602865
6.820510204081632 110.41519738222867
6.830510204081633 110.31019407396299
6.840510204081633 111.34117336433724
6.850510204081632 109.72682578262548
6.860510204081632 108.65201420941939
6.870510204081633 108.06708895525878
6.880510204081633 108.02787048063179
6.890510204081632 109.23940386240558
6.900510204081632 110.18984810909045
6.910510204081633 106.96795900333107
6.920510204081633 106.86115990452699
6.930510204081632 105.81433505817421
6.940510204081632 106.82441507526305
6.950510204081632 109.28769497753619
6.960510204081633 109.94101847485291
6.9705102040816325 106.25761798919217
6.980510204081632 102.38437215773985
6.990510204081632 103.61290774593589
7.000510204081633 108.68743323355093
7.0105102040816325 111.40782857245252
7.020510204081632 111.48895031016073
7.030510204081632 108.13336127781264
7.040510204081633 105.37553573748946
7.0505102040816325 105.95433225588444
7.060510204081632 106.0457787090183
7.070510204081632 106.28226788067201
7.080510204081633 113.01382132128953
7.090510204081633 115.89734289009114
7.100510204081632 117.35491224966952
7.110510204081632 120.17418941851726
7.120510204081633 122.37023082978762
7.130510204081633 114.2926896229194
7.140510204081632 108.95199573016825
7.150510204081632 110.04868662855137
7.160510204081633 115.33304783731388
7.170510204081633 112.31126883128339
7.180510204081632 107.95718655065639
7.190510204081632 104.1564875891848
7.200510204081632 115.34916773240215
7.210510204081633 114.7394412496303
7.2205102040816325 107.66081335030745
7.230510204081632 111.14987985103004
7.240510204081632 126.84504738222721
7.250510204081633 127.49035369779097
7.2605102040816325 116.67632209201517
7.270510204081632 119.41560506411084
7.330510204081633 118.98050970669983
7.340510204081633 119.17255431760869
7.350510204081632 127.43878907557928
7.360510204081632 121.49196636331956
7.370510204081633 113.71733565319228
7.960510204081633 120.21487806336376
7.9705102040816325 120.76512559551718
7.980510204081632 124.92796119690428
7.990510204081632 124.67549112171098
8.000510204081634 124.51647135068909
8.010510204081633 126.28127075623901
8.040510204081633 161.0251804050759
8.050510204081633 152.84864937572334
8.060510204081634 138.87501200956703
8.070510204081634 134.85397375365457
8.080510204081634 132.25256378588642
8.090510204081634 128.46538200226513
8.100510204081633 125.9199359342554
8.110510204081633 124.18763570997137
8.120510204081633 122.71902342526471
8.130510204081633 122.63210253250875
8.140510204081634 121.94403923894346
8.150510204081634 120.8848623777071
8.160510204081634 120.96607586897241
8.170510204081634 120.8618191733877
8.180510204081633 122.06235848317431
8.190510204081633 121.78977715589139
8.200510204081633 122.2215328516843
8.210510204081633 120.96771029126305
8.220510204081633 121.57381761011663
8.230510204081634 120.99129018911174
8.240510204081634 120.33716781558871
8.250510204081634 120.30603517037989
8.260510204081633 119.96034887082193
8.270510204081633 119.53377308196181
8.280510204081633 117.89789593915285
8.290510204081633 116.30957810863698
8.300510204081633 115.5317907580084
8.310510204081634 114.86658996622307
8.320510204081634 115.72637313193395
8.330510204081634 116.87071284561495
8.340510204081634 117.35313120739619
8.350510204081633 119.37935153399125
8.360510204081633 121.2847959092568
8.370510204081633 121.90545130413598
8.380510204081633 121.03227240297394
8.390510204081634 121.46727743910317
8.400510204081634 121.3537313320078
8.410510204081634 119.97711065095964
8.420510204081634 119.68889841675463
8.430510204081633 119.6863724596558
8.440510204081633 118.96815414222836
8.450510204081633 118.18249441044578
8.460510204081633 117.23546364453995
8.470510204081633 118.0760715406919
8.480510204081634 119.018997239862
8.490510204081634 119.03545774247709
8.500510204081634 118.20456943532322
8.510510204081633 118.34614476060105
8.520510204081633 117.52426325538693
8.530510204081633 118.69697366196046
8.540510204081633 118.43862147154312
8.550510204081633 118.4844963798815
8.560510204081634 118.2937713952975
8.570510204081634 118.22825704505476
8.580510204081634 117.09374608393092
8.590510204081634 118.46696881939252
8.600510204081633 119.12694825715234
8.610510204081633 119.82020139586713
8.620510204081633 118.9812890198456
8.630510204081633 118.44439183933052
8.640510204081634 118.17019150482429
8.650510204081634 117.36888492527308
8.660510204081634 116.78345938534466
8.670510204081634 115.54361393781106
8.680510204081633 116.841734238438
8.690510204081633 116.69404912328905
8.700510204081633 117.09070527768371
8.710510204081633 117.64711906176123
8.720510204081634 117.61411634686719
8.730510204081634 117.93257661309464
8.740510204081634 118.8924601231052
8.750510204081634 118.1029758519877
8.760510204081633 119.54784775403046
8.770510204081633 118.54420324750534
8.780510204081633 119.62181668346557
8.790510204081633 118.33795766800706
8.800510204081633 118.30008464707421
8.810510204081634 118.94353118687458
8.820510204081634 118.75953069985977
8.830510204081634 117.85911370684744
8.840510204081634 117.04507803698911
8.850510204081633 117.81334588187573
8.860510204081633 118.2202469829362
8.870510204081633 117.39714178876159
8.880510204081633 116.7665197639416
8.890510204081634 119.01700095701102
8.900510204081634 119.05167084730348
8.910510204081634 120.26305222142899
8.920510204081634 120.19303180235752
8.930510204081633 120.44947339628158
8.940510204081633 122.7863509201059
8.950510204081633 121.4695139439358
8.960510204081633 120.24842531180623
8.970510204081634 120.2448881683225
8.980510204081634 120.11298514228301
8.990510204081634 119.52623720711813
9.000510204081634 119.13650700599747
9.010510204081633 118.94465326041231
9.020510204081633 117.35046158740792
9.030510204081633 117.11598074687859
9.040510204081633 115.78060276152492
9.050510204081633 116.01132482438422
9.060510204081634 115.82075331220943
9.070510204081634 116.46861975968076
9.080510204081634 115.53377984191418
9.090510204081634 115.26919443810382
9.100510204081633 115.30776655263014
9.110510204081633 115.68186947242894
9.120510204081633 115.36474127137248
9.130510204081633 115.9113549415396
9.140510204081634 116.83752328030943
9.150510204081634 114.85230200148229
9.160510204081634 113.14426163697435
9.170510204081634 112.32892139422728
9.180510204081633 111.94350161941126
9.190510204081633 111.76141580736008
9.200510204081633 111.36960146998643
9.210510204081633 111.23809680368981
9.220510204081634 110.65953928074813
9.230510204081634 110.64529836015248
9.240510204081634 110.12823864894851
9.250510204081634 109.32755143309191
9.260510204081633 108.92040886935376
9.270510204081633 108.24795536260807
9.280510204081633 107.94272920750883
9.290510204081633 108.45620447265681
9.300510204081633 107.89435151450904
9.310510204081634 107.80451648782768
9.320510204081634 109.02713304159636
9.330510204081634 108.06641649887615
9.340510204081634 106.75088475661279
9.350510204081633 107.46117323645655
9.360510204081633 106.65264335533077
9.370510204081633 106.6190305471981
9.380510204081633 105.98521013808369
9.390510204081634 105.9422544978384
9.400510204081634 107.05807337207416
9.410510204081634 106.8975582734681
9.420510204081634 107.28625289323594
9.430510204081633 106.80435616855463
9.440510204081633 105.50586318189771
9.450510204081633 105.38260156363116
9.460510204081633 105.86590798718235
9.470510204081634 106.71322127512899
9.480510204081634 107.16993374143509
9.490510204081634 107.68997178147359
9.500510204081634 108.11290044846119
9.510510204081633 107.15305125849338
9.520510204081633 107.59397517531997
9.530510204081633 107.62392110469519
9.540510204081633 106.74966308168885
9.550510204081633 105.00780872458556
9.560510204081634 106.22082333346384
9.570510204081634 107.09442080338633
9.580510204081634 107.95376981530059
9.590510204081634 108.52783853112561
9.600510204081633 108.24289999598567
9.610510204081633 110.21056865606495
9.620510204081633 109.75975161156006
9.630510204081633 108.9570828699595
9.640510204081634 109.12867225168489
9.650510204081634 107.98258975748719
9.660510204081634 108.9736814055057
9.670510204081634 109.662524428232
9.680510204081633 108.36898354201998
9.690510204081633 107.40099109653255
9.700510204081633 109.213666627169
9.710510204081633 113.05667091604067
9.720510204081634 112.73719157872625
9.730510204081634 111.79160536326903
9.740510204081634 111.51294423455423
9.750510204081634 112.10229737611849
9.760510204081633 111.93401019822001
9.770510204081633 110.96946996393837
9.780510204081633 111.34565016260798
9.790510204081633 110.34257874247946
9.800510204081633 110.69038636782211
9.810510204081634 110.2414346558087
9.820510204081634 109.39319720814422
9.830510204081634 107.98501918018272
9.840510204081634 108.60194704068978
9.850510204081633 109.43431922340909
9.860510204081633 108.81884610426164
9.870510204081633 108.40628633466505
9.880510204081633 109.09648939393388
9.890510204081634 109.55137827538655
9.900510204081634 110.45609227707972
9.910510204081634 109.84957291982174
9.920510204081634 110.18014548393074
9.930510204081633 112.20009614457133
9.940510204081633 108.237262165051
9.950510204081633 108.89897496384158
9.960510204081633 107.96982226248849
9.970510204081634 107.11871467336343
9.980510204081634 105.77230646900713
9.990510204081634 109.45808920132359
10.000510204081634 107.15231146927508
10.010510204081633 106.97155214373791
10.020510204081633 109.16876550229355
10.030510204081633 109.9698250975818
10.040510204081633 111.50849205880483
10.050510204081633 107.80660120101066
10.060510204081634 105.66193026458927
10.070510204081634 105.07666166699977
10.080510204081634 105.4997587516636
10.090510204081633 105.94106917499978
10.100510204081633 106.47547640570673
10.110510204081633 101.83270267565851
10.120510204081633 99.15690176995612
10.130510204081633 101.20559351246368
10.140510204081634 103.12782680469708
10.150510204081634 105.1160897109391
10.160510204081634 106.34330237682101
10.170510204081634 107.78624132975123
10.180510204081633 109.7794430886876
10.190510204081633 112.28221025757259
10.200510204081633 113.03454209104139
10.210510204081633 116.43660688677981
10.220510204081634 118.99920610664496
10.230510204081634 123.03969515302754
10.240510204081634 124.76745407365331
10.250510204081634 125.3709905279857
10.260510204081633 124.59409257970646
10.270510204081633 124.28805755933166
10.280510204081633 124.4002312571261
10.290510204081633 123.29878598033656
10.300510204081633 122.46958150728396
10.310510204081634 122.68171302673599
10.320510204081634 122.90920305150695
10.330510204081634 124.7115985494687
10.340510204081633 124.74471573765153
10.350510204081633 124.0147844952574
10.360510204081633 125.07126194936777
10.370510204081633 126.46650320000437
10.380510204081633 127.33659252985795
10.390510204081634 127.04770495603945
10.400510204081634 127.48981208329714
10.410510204081634 127.18743254538055
10.420510204081634 125.40148960758043
10.430510204081633 124.51167208876156
10.440510204081633 123.74140340821637
10.450510204081633 123.21973056300517
10.460510204081633 123.69086644528552
10.470510204081634 123.15987230747292
10.480510204081634 123.52391820408673
10.490510204081634 124.50664064701466
10.500510204081634 124.61219380111878
10.510510204081633 123.90134229583234
10.520510204081633 124.17019706240214
10.530510204081633 123.54057692991452
10.540510204081633 124.00602216038486
10.550510204081633 124.80240265262107
10.560510204081634 124.06619058517629
10.570510204081634 124.69066449401353
10.580510204081634 125.33269831742157
10.590510204081633 124.91514048956711
10.600510204081633 123.7302151399158
10.610510204081633 123.90671443082476
10.620510204081633 123.5479860795973
10.630510204081633 122.47756017357806
10.640510204081634 123.89447133066032
10.650510204081634 123.84675120145812
10.660510204081634 123.60792731224623
10.670510204081634 124.81417528084567
10.680510204081633 123.00482551980872
10.690510204081633 122.68411850053421
10.700510204081633 124.0401694952722
10.710510204081633 123.6392684718669
10.720510204081634 122.46607934419147
10.730510204081634 123.3979944611259
10.740510204081634 122.74278849078541
10.750510204081634 121.68139969060525
10.760510204081633 122.62440409932185
10.770510204081633 122.16788357401185
10.780510204081633 121.3116887618998
10.790510204081633 122.42488073978379
10.800510204081633 122.62093333416468
10.810510204081634 120.93969576281528
10.820510204081634 120.73872046749504
10.830510204081634 121.8894015968222
10.840510204081633 121.5307886847472
10.850510204081633 121.19466591451507
10.860510204081633 123.05674279207742
10.870510204081633 121.8544526326497
10.880510204081633 123.45257960854822
10.890510204081634 123.96160506586581
10.900510204081634 122.64443128152374
10.910510204081634 119.95862182190596
10.920510204081634 119.68286229635623
10.930510204081633 118.0279754823979
10.940510204081633 114.64603949541659
10.950510204081633 114.09741779935321
10.960510204081633 114.21713480106153
10.970510204081634 115.01814807902176
10.980510204081634 115.63441460100245
10.990510204081634 115.74261589415552
11.000510204081634 115.46696314180227
11.010510204081633 117.21302499826929
11.020510204081633 119.28282502633829
11.030510204081633 120.10648584857337
11.040510204081633 121.47866679938613
11.050510204081633 124.8707141881518
11.060510204081634 127.11366028439146
11.070510204081634 123.69383820030767
11.080510204081634 121.87126009991987
11.090510204081633 117.16545556150764
11.100510204081633 123.51640550153928
11.110510204081633 130.51913145521354
11.120510204081633 151.39369777074515
11.130510204081633 145.5566763947652
11.140510204081634 138.11649436495685
11.150510204081634 140.34120250393744
11.160510204081634 140.32678973007881
11.170510204081634 140.26792088738713
11.180510204081633 134.97111823645653
11.190510204081633 133.82985174433142
11.200510204081633 146.14587062696822
11.210510204081633 135.29439124594026
11.220510204081634 127.03311080821796
11.230510204081634 123.09774105739665
11.240510204081634 121.271641675349
11.250510204081634 130.53035466183292
11.590510204081633 108.66452830638721
11.600510204081633 113.91413723488233
11.620510204081633 116.74536166734416
11.630510204081633 117.31427869821222
11.640510204081634 121.47496020889383
11.650510204081634 116.75361445119185
11.660510204081634 110.37255842448293
11.670510204081634 114.77698703362468
12.000510204081634 104.90817033719142
12.070510204081634 124.96764935869368
12.080510204081634 121.75789542064389
12.090510204081633 120.14580111051589
12.100510204081633 118.64078202870448
12.110510204081633 134.91622796058084
12.120510204081633 137.3118176283081
12.130510204081633 138.2897217397047
12.140510204081634 129.12830216133847
12.150510204081634 126.9919582666083
12.160510204081634 125.51391536155879
12.170510204081634 124.88735719096196
12.180510204081633 122.86814793275805
12.190510204081633 122.32270373940413
12.200510204081633 122.8181602224438
12.210510204081633 121.03222479779672
12.220510204081634 122.09509840535559
12.230510204081634 121.47174680016275
12.240510204081634 121.28050404907583
12.250510204081634 121.27071321234267
12.260510204081633 120.58983685945304
12.270510204081633 120.71292211165134
12.280510204081633 120.3418361409065
12.290510204081633 120.33539038467147
12.300510204081634 120.4475697182556
12.310510204081634 121.80773727242399
12.320510204081634 121.76540071981599
12.330510204081634 121.90104446182023
12.340510204081633 121.728233261422
12.350510204081633 121.68292054448361
12.360510204081633 121.37093558210448
12.370510204081633 121.07675932463306
12.380510204081633 121.32223453638045
12.390510204081634 121.56863067674388
12.400510204081634 121.93209710874352
12.410510204081634 122.43851649541158
12.420510204081634 123.4335221712488
12.430510204081633 123.91229383057373
12.440510204081633 123.98319887488172
12.450510204081633 123.02855204242552
12.460510204081633 122.3099843144825
12.470510204081634 122.10412492350473
12.480510204081634 121.71198015631212
12.490510204081634 120.8994259947763
12.500510204081634 120.26051397852882
12.510510204081633 121.33904516708598
12.520510204081633 122.79568396051062
12.530510204081633 123.20253115327229
12.540510204081633 122.54801560775307
12.550510204081634 123.5165779702973
12.560510204081634 123.56025356893649
12.570510204081634 123.8741326281171
12.580510204081634 123.83570642165508
12.590510204081633 124.28904959825375
12.600510204081633 124.29208857744564
12.610510204081633 126.35107528972752
12.620510204081633 127.55619537102464
12.630510204081633 127.77020810461663
12.640510204081634 127.9567859526573
12.650510204081634 127.67763985334409
12.660510204081634 126.83446474762412
12.670510204081634 127.25140369407526
12.680510204081633 126.24638552095678
12.690510204081633 125.96383062279655
12.700510204081633 126.21261445611813
12.710510204081633 126.2652316662439
12.720510204081634 127.40036399840916
12.730510204081634 128.89739037603118
12.740510204081634 128.43500514306638
12.750510204081634 129.0163793791153
12.760510204081633 128.22218322978784
12.770510204081633 128.08842627513482
12.780510204081633 128.81959056784228
12.790510204081633 128.53466060416284
12.800510204081634 128.99468784445057
12.810510204081634 128.3905095617257
12.820510204081634 127.89903209720734
12.830510204081634 128.3182459280198
12.840510204081633 127.56034110028473
12.850510204081633 127.69993972506491
12.860510204081633 127.52635982287933
12.870510204081633 127.15520174631015
12.880510204081633 127.7298650757322
12.890510204081634 127.20019833232274
12.900510204081634 127.39454652389095
12.910510204081634 127.64053129236426
12.920510204081634 127.13516777216927
12.930510204081633 126.87554807676018
12.940510204081633 126.68243066195166
12.950510204081633 124.59075744398429
12.960510204081633 123.56239789979297
12.970510204081634 125.29935061862946
12.980510204081634 131.5459072155164
12.990510204081634 124.67368146908981
13.000510204081634 117.04999880557533
13.010510204081633 115.73605855153073
13.020510204081633 116.27484015182831
13.030510204081633 116.93175164523507
13.040510204081633 125.26706663299788
13.070510204081634 119.19708558076975
13.080510204081634 114.20005379103137
13.090510204081633 113.1781630414781
13.100510204081633 112.48524237988264
13.110510204081633 111.4573285390906
13.120510204081633 113.16592962859859
13.130510204081633 112.34280756772453
13.140510204081634 113.03188481501977
13.150510204081634 112.50656076139104
13.160510204081634 111.59489795377334
13.170510204081634 110.35533646036636
13.180510204081633 109.959954135916
13.190510204081633 108.54353181592401
13.200510204081633 108.85474624416213
13.210510204081633 109.55196688466518
13.220510204081634 110.42172605234487
13.230510204081634 111.60295764657796
13.240510204081634 110.44168741889885
13.250510204081634 110.44400534708542
13.260510204081633 109.80357394821586
13.270510204081633 110.50961736151183
13.280510204081633 110.33460025554928
13.290510204081633 110.88415221244951
13.300510204081634 111.23062456299184
13.310510204081634 111.46121856320683
13.320510204081634 115.05946182312567
13.330510204081634 114.89017599541414
13.340510204081633 116.10629891140645
13.350510204081633 116.32143185105113
13.360510204081633 113.51492060732669
13.370510204081633 113.05699844740377
13.380510204081633 112.80483860139779
13.390510204081634 112.05472660953562
13.400510204081634 112.766187041898
13.410510204081634 113.11397586557644
13.420510204081634 113.08124751176912
13.430510204081633 114.52475993511914
13.440510204081633 113.10094666579313
13.450510204081633 111.30772340239511
13.460510204081633 110.39972583197101
13.470510204081634 109.21641394524134
13.480510204081634 108.88311343495174
13.490510204081634 104.22858019467829
13.500510204081634 105.23626331827344
13.510510204081633 106.19163973939499
13.520510204081633 107.03417534337831
13.530510204081633 106.75774101813178
13.540510204081633 106.71498088666654
13.550510204081634 105.57165286712197
13.560510204081634 106.42865630979945
13.570510204081634 108.12682028919627
13.580510204081634 107.74243942820428
13.590510204081633 107.564450553569
13.600510204081633 107.61551540120078
13.610510204081633 107.31346955874363
13.620510204081633 106.25147445283396
13.630510204081633 105.15309455298542
13.640510204081634 104.72582212740383
13.650510204081634 105.84337879234648
13.660510204081634 106.24719219121715
13.670510204081634 105.17831855491941
13.680510204081633 106.83970388713175
13.690510204081633 107.09521001784704
13.700510204081633 107.02145124177083
13.710510204081633 105.71846113275775
13.720510204081634 106.29465660041856
13.730510204081634 106.88911272949451
13.740510204081634 106.60998250438806
13.750510204081634 106.29248278940656
13.760510204081633 104.84297990755329
13.770510204081633 104.60562654939733
13.780510204081633 105.35372457894586
13.790510204081633 105.50828455189657
13.800510204081634 104.55377589360799
13.810510204081634 102.3355557293317
13.820510204081634 100.26303613593892
13.830510204081634 99.76255302145626
13.840510204081633 99.656290483666
13.850510204081633 99.88210394271984
13.860510204081633 100.22107738713517
13.870510204081633 102.42086150567334
13.880510204081633 104.86447705228235
13.890510204081634 106.52886059409175
13.900510204081634 108.31075299618506
13.910510204081634 111.45102113597181
13.920510204081634 112.69180947486291
13.930510204081633 116.49001363983228
13.940510204081633 119.53872824092261
13.950510204081633 124.84496407467502
13.960510204081633 126.40972203050646
13.970510204081634 127.14199921819412
13.980510204081634 126.98536603402377
13.990510204081634 127.4659408106997
14.000510204081634 127.22555309792378
14.010510204081633 127.40179389310224
14.020510204081633 128.39577387542107
14.030510204081633 128.07183228944803
14.040510204081633 127.95222142829064
14.050510204081634 127.37408798697257
14.060510204081634 127.73913872851922
14.070510204081634 128.27139387257748
14.080510204081634 127.07326457339828
14.090510204081633 127.65074002260285
14.100510204081633 127.59457146035182
14.110510204081633 127.09478117386634
14.120510204081633 126.51177007461557
14.130510204081633 125.55847506895647
14.140510204081634 123.79842775350279
14.150510204081634 123.61822125892752
14.160510204081634 124.53548733724263
14.170510204081634 124.13698304683398
14.180510204081633 124.02589777901312
14.190510204081633 123.99523095140434
14.200510204081633 122.88036633011853
14.210510204081633 123.32859131067144
14.220510204081634 124.05472622689898
14.230510204081634 123.08230854884665
14.240510204081634 123.1637238383332
14.250510204081634 124.09732843630803
14.260510204081633 123.22483044540854
14.270510204081633 122.8756963487805
14.280510204081633 123.3440225749577
14.290510204081633 122.30040015397275
14.300510204081634 121.92241841039078
14.310510204081634 123.0307761869908
14.320510204081634 122.33871799415182
14.330510204081634 122.16992625563843
14.340510204081633 124.15654170715288
14.350510204081633 125.21795651158466
14.360510204081633 128.177895494247
14.370510204081633 132.32459083047416
14.380510204081633 133.34176340690922
14.390510204081634 136.53689745601915
14.400510204081634 144.7201629668147
14.410510204081634 143.5999747292542
14.420510204081634 136.64514714683054
14.430510204081633 136.7621039092315
14.440510204081633 144.19159736380436
14.470510204081634 123.11823856117553
14.480510204081634 132.26386283535618
14.490510204081634 125.3688661069489
14.600510204081633 116.79151792786493
14.610510204081633 120.08564074403759
14.620510204081633 122.39929111043439
14.740510204081634 119.44949461551143
14.750510204081634 122.13260044797632
14.760510204081633 121.14157431415339
14.770510204081633 118.20465219024197
14.780510204081633 120.85218005274272
14.790510204081633 124.63801791994445
14.800510204081634 123.32348616512911
14.810510204081634 124.20793452736358
14.820510204081634 129.01584996844997
14.830510204081634 129.01440943335098
14.980510204081634 112.1817326474551
14.990510204081634 122.9348188827197
