0.11187074829931934 152.5724488987437
0.12187074829931935 154.89626853683598
0.13187074829931933 147.86229841515853
0.14187074829931934 140.78115455039605
0.15187074829931935 137.22380008140695
0.16187074829931936 130.61952431999586
0.17187074829931934 125.7394520954036
0.18187074829931935 123.7617550269249
0.19187074829931935 122.59956127577723
0.20187074829931934 120.68833801640609
0.21187074829931934 120.24479213168578
0.22187074829931935 119.87091214447217
0.23187074829931933 120.80073315381402
0.24187074829931934 119.8597522720814
0.2518707482993193 119.26296996506751
0.26187074829931933 119.15167528270223
0.27187074829931934 118.90226425325916
0.28187074829931935 117.60891901967639
0.29187074829931936 115.72755476247247
0.30187074829931937 115.42820354041362
0.3118707482993193 117.23882037476723
0.32187074829931933 119.75491978756263
0.33187074829931934 121.27396977603347
0.34187074829931935 121.67242680901904
0.35187074829931936 122.78553181854656
0.36187074829931937 123.94619307881354
0.3718707482993194 123.29559525860869
0.38187074829931933 122.96612372783385
0.39187074829931934 122.03469325272482
0.40187074829931935 120.87965404993794
0.41187074829931936 121.88608747471334
0.42187074829931936 122.44601884784575
0.4318707482993194 122.54554789542884
0.4418707482993193 122.25910037826986
0.45187074829931934 121.64508085104576
0.46187074829931934 121.8464296794672
0.47187074829931935 120.82321538571
0.48187074829931936 121.14636891569222
0.49187074829931937 122.34141998487551
0.5018707482993193 121.84751502547348
0.5118707482993193 121.81862768740136
0.5218707482993193 122.21105369106368
0.5318707482993194 121.7559525993852
0.5418707482993194 121.406252210265
0.5518707482993194 122.17862128040593
0.5618707482993194 121.29791113356362
0.5718707482993194 121.85010304569784
0.5818707482993194 122.44577861919846
0.5918707482993194 122.68445623881031
0.6018707482993193 122.6730711475424
0.6118707482993193 123.0415355202349
0.6218707482993193 124.45430131932099
0.6318707482993193 125.33733084883006
0.6418707482993193 125.86433575249185
0.6518707482993194 125.69294299687944
0.6618707482993194 124.49383600845712
0.6718707482993194 124.99419808050344
0.6818707482993194 124.86680267887202
0.6918707482993194 125.30272291221603
0.7018707482993194 126.46069365171603
0.7118707482993194 127.29996205627876
0.7218707482993194 127.72773379843235
0.7318707482993193 128.7031135277112
0.7418707482993193 128.86993970233604
0.7518707482993193 128.79948836635248
0.7618707482993193 129.1749967961326
0.7718707482993193 128.8037315490684
0.7818707482993194 129.1387853261532
0.7918707482993194 129.498200497605
0.8018707482993194 129.5587105665451
0.8118707482993194 130.26492481744427
0.8218707482993194 128.68820852814292
0.8318707482993194 129.13835851839625
0.8418707482993194 129.73278130763686
0.8518707482993194 131.3313226069739
0.8618707482993193 132.2109765626273
0.8718707482993193 132.74770885734645
0.8818707482993193 132.557239720532
0.8918707482993193 132.80801368553904
0.9018707482993194 132.19197748804189
0.9118707482993194 130.46055341657785
0.9218707482993194 130.20774113939385
0.9318707482993194 130.2233503698245
0.9418707482993194 129.56475274505087
0.9518707482993194 130.32629831247394
0.9618707482993194 130.293568412166
0.9718707482993194 130.10271188014102
0.9818707482993193 130.43801700401661
0.9918707482993193 131.2087913967252
1.0018707482993192 132.3996327260962
1.0118707482993192 132.94769925619656
1.0218707482993192 133.66867766000982
1.0318707482993192 134.76390100951792
1.0418707482993192 135.55056100923693
1.0518707482993193 134.6933207050823
1.0618707482993193 134.4147475149117
1.0718707482993193 134.22812662068532
1.0818707482993193 134.80636387649636
1.0918707482993193 135.56422503018302
1.1018707482993193 136.88390375769805
1.1118707482993193 137.08642689828275
1.1218707482993193 137.47019257734922
1.1318707482993193 136.88574354082692
1.1418707482993193 135.29571084325585
1.1518707482993193 133.89352306599832
1.1618707482993194 130.4369173878494
1.1718707482993194 128.456447825502
1.1818707482993192 125.31380124254295
1.1918707482993192 123.19146483085737
1.2018707482993192 121.96025634062043
1.2118707482993192 110.73989956227717
1.2218707482993192 110.74912022851886
1.2318707482993192 110.91616321783104
1.2418707482993192 114.47971240747339
1.2518707482993192 121.61519689473609
1.2618707482993192 121.81443939730941
1.2718707482993192 122.51528930714024
1.2818707482993192 123.09375234327396
1.2918707482993192 119.51675026582924
1.3018707482993193 117.24281999589307
1.3118707482993193 112.00910768008254
1.3218707482993193 112.27592371193194
1.3318707482993193 112.54424567336062
1.3418707482993193 111.74661692692399
1.3518707482993193 112.54744914044473
1.3618707482993193 113.6486073555103
1.3718707482993193 113.46741998643299
1.3818707482993193 112.04768674043467
1.3918707482993193 111.81720767936436
1.4018707482993193 112.84608781056926
1.4118707482993194 112.92932335152143
1.4218707482993194 111.18546960597837
1.4318707482993192 110.33078287945075
1.4418707482993192 107.9559247794741
1.4518707482993192 109.76921157157452
1.4618707482993192 110.57887976610769
1.4718707482993192 112.30109104892175
1.4818707482993192 110.91773662387173
1.4918707482993192 109.74965635541577
1.5018707482993192 109.41822269886612
1.5118707482993192 110.65759711567841
1.5218707482993192 110.33879180201423
1.5318707482993192 109.89226753261103
1.5418707482993192 109.71717757018655
1.5518707482993193 112.23196905647863
1.5618707482993193 113.00577113170793
1.5718707482993193 111.72533328406203
1.5818707482993193 110.12601189571906
1.5918707482993193 112.91819494449665
1.6018707482993193 114.78870190684357
1.6118707482993193 114.50884356556335
1.6218707482993193 113.78582343393519
1.6318707482993193 108.91558300366704
1.6418707482993193 107.16358381565024
1.6518707482993193 108.85923826416534
1.6618707482993194 110.43735062764524
1.6718707482993194 111.71124494580003
1.6818707482993194 109.81790741723881
1.6918707482993192 110.07107565090983
1.7018707482993192 109.74939611473955
1.7118707482993192 110.17540727295153
1.7218707482993192 112.0023276108049
1.7318707482993192 111.772428876473
1.7418707482993192 111.91332641494974
1.7518707482993192 112.47659020516016
1.7618707482993192 112.98469811588613
1.7718707482993192 112.42903303814057
1.7818707482993192 110.84049237033364
1.7918707482993192 111.12161260605399
1.8018707482993193 114.35463116690411
1.8118707482993193 115.66818795606171
1.8218707482993193 116.00804947631572
1.8318707482993193 116.26760012094091
1.8418707482993193 117.57996602417658
1.8518707482993193 117.64492419269358
1.8618707482993193 116.33316862805646
1.8718707482993193 115.61472355007554
1.8818707482993193 115.25582886895725
1.8918707482993193 115.7595280158878
1.9018707482993193 115.98610342017754
1.9118707482993194 115.82186218261825
1.9218707482993194 115.793044021702
1.9318707482993194 115.78123124349686
1.9418707482993192 115.70633114569534
1.9518707482993192 115.47982062557725
1.9618707482993192 115.80913194685279
1.9718707482993192 116.41706793888774
1.9818707482993192 116.07205080413475
1.9918707482993192 115.46445923228386
2.001870748299319 115.90092892318393
2.0118707482993194 116.13807500809581
2.0218707482993192 115.23019017120191
2.0318707482993195 113.05122969709605
2.0418707482993192 115.26659827122111
2.0518707482993195 115.76584836594382
2.0618707482993193 115.19722926863454
2.071870748299319 110.85606788374267
2.0818707482993193 111.11370697180531
2.091870748299319 110.84562736247531
2.1018707482993193 108.55283836696142
2.111870748299319 108.76333200477777
2.1218707482993193 109.14974612723623
2.131870748299319 108.14821950610893
2.1418707482993193 110.51284703597962
2.151870748299319 113.49998069552527
2.1618707482993194 114.82096998156352
2.171870748299319 113.33313180221455
2.1818707482993194 112.2591654424552
2.191870748299319 112.40480987687332
2.2018707482993194 114.88102669789644
2.211870748299319 114.16630660877641
2.2218707482993194 113.7471528510814
2.231870748299319 114.9796559850727
2.2418707482993194 115.75757973575959
2.251870748299319 115.80877707931931
2.2618707482993194 115.9607846009995
2.2718707482993192 115.49580682581536
2.2818707482993195 117.07094620988931
2.2918707482993192 118.6278952079513
2.3018707482993195 121.78342994632278
2.3118707482993193 123.0881934089547
2.3218707482993195 122.87149865573603
2.3318707482993193 122.37230653633942
2.341870748299319 122.05008951884354
2.3518707482993193 123.51366770630446
2.361870748299319 123.58050966818693
2.3718707482993193 122.38995946369249
2.381870748299319 123.35217684548299
2.3918707482993193 123.2408681028026
2.401870748299319 124.09331566807715
2.4118707482993194 125.3608670679721
2.421870748299319 125.41422868806733
2.4318707482993194 125.56669774733915
2.441870748299319 125.2021101005606
2.4518707482993194 124.29327413400314
2.461870748299319 123.62058661214753
2.4718707482993194 122.24718285969097
2.481870748299319 121.02367890515953
2.4918707482993194 120.32476430583345
2.501870748299319 120.05507281005244
2.5118707482993194 119.82086748768997
2.5218707482993192 119.98215350229484
2.5318707482993195 120.00509380695387
2.5418707482993192 119.8122914866204
2.5518707482993195 119.96088135409182
2.5618707482993193 121.72562553025075
2.5718707482993195 121.27976532713531
2.5818707482993193 121.7861973484343
2.591870748299319 122.15758157389969
2.6018707482993193 121.69535302797361
2.611870748299319 117.68151258522582
2.6218707482993193 121.49566923848441
2.631870748299319 119.85392913880557
2.6418707482993193 118.09645664855032
2.651870748299319 119.2095640135321
2.6618707482993194 122.216649201281
2.671870748299319 125.22352393551142
2.6818707482993194 126.81495907665659
2.691870748299319 128.76920177426962
2.7018707482993194 126.83295730675178
2.711870748299319 126.3487700112265
2.7218707482993194 125.58408610562414
2.731870748299319 123.96614772488283
2.7418707482993194 123.13467119819532
2.751870748299319 123.56592153536612
2.7618707482993194 123.33757078388268
2.7718707482993192 125.80492804168551
2.7818707482993195 127.4139851000573
2.7918707482993192 125.8300732383731
2.8018707482993195 124.08474926776091
2.8118707482993193 124.94116428283333
2.8218707482993195 122.11697996129769
2.8318707482993193 122.1785736940085
2.841870748299319 124.1229779948081
2.8518707482993193 123.97041745167236
2.861870748299319 125.05739109357147
2.8718707482993193 125.17587303297718
2.881870748299319 124.72143878363258
2.8918707482993193 125.1218071490516
2.901870748299319 124.93776913989649
2.9118707482993194 123.2117065529667
2.921870748299319 121.62533208812026
2.9318707482993194 122.20019160251782
2.941870748299319 120.18157339485002
2.9518707482993194 119.77610313318422
2.961870748299319 121.95864788487926
2.9718707482993194 118.60111124851981
2.981870748299319 115.41717972073604
2.9918707482993194 113.84906224019744
3.001870748299319 115.02225145588946
3.0118707482993194 114.90150474426285
3.0218707482993192 113.42157001924726
3.0318707482993195 113.57105589156774
3.0418707482993192 114.91350089111454
3.0518707482993195 117.26031070388434
3.0618707482993193 117.28013505735042
3.0718707482993195 116.1005978400114
3.0818707482993193 114.0318161277445
3.0918707482993195 116.58746722191835
3.1018707482993193 116.52257346933128
3.111870748299319 115.82819137241485
3.1218707482993193 118.96563821680506
3.131870748299319 122.16757594862348
3.1418707482993193 115.7851478686767
3.151870748299319 118.10065311539003
3.1618707482993194 122.51992378937146
3.171870748299319 121.48369540802314
3.1818707482993194 111.44226705617879
3.8218707482993195 110.92249512203719
3.8318707482993193 110.90988701654581
4.00187074829932 116.93844020315831
4.0118707482993194 117.05198399537142
4.021870748299319 117.83778574951356
4.031870748299319 121.62117920970724
4.04187074829932 122.90244868364918
4.0518707482993195 122.07085083270263
4.061870748299319 123.28625177813502
4.071870748299319 125.47221144452288
4.08187074829932 126.6758921317607
4.0918707482993195 143.13582576086122
4.101870748299319 125.61666458987749
4.111870748299319 123.69166250431235
4.121870748299319 121.91227012910801
4.1318707482993196 121.1097541105017
4.141870748299319 122.59144947926964
4.151870748299319 124.30341467780958
4.161870748299319 123.42424716509575
4.17187074829932 123.05464911029709
4.181870748299319 126.25519796606532
4.191870748299319 126.49895105526527
4.201870748299319 133.00695610131746
4.21187074829932 138.42245071164677
4.221870748299319 126.70045756054579
4.231870748299319 128.74402809891538
4.241870748299319 124.16120187809707
4.25187074829932 126.9705741175444
4.2618707482993194 125.50081980346026
4.271870748299319 122.77705198002408
4.281870748299319 124.66819177443864
4.29187074829932 126.980540329316
4.3018707482993195 122.4536173240159
4.311870748299319 121.39742229093237
4.321870748299319 129.47691616098788
4.33187074829932 129.4275535466374
4.3418707482993195 163.19421231215318
4.351870748299319 164.5532946447101
4.361870748299319 151.2353149418398
4.37187074829932 141.39722901695757
4.3818707482993196 137.91941099699253
4.391870748299319 137.54272150770922
4.401870748299319 134.3442566978609
4.411870748299319 131.85342602501112
4.42187074829932 128.57947648300984
4.431870748299319 125.57515482620913
4.441870748299319 123.35021739138368
4.451870748299319 123.25990162630104
4.46187074829932 122.18078084286262
4.471870748299319 121.74839233583734
4.481870748299319 121.73716083532919
4.491870748299319 121.88639488637574
4.50187074829932 122.05802187195033
4.5118707482993194 122.20223775857266
4.521870748299319 121.6291496183038
4.531870748299319 122.38748853956477
4.54187074829932 124.91360420554633
4.5518707482993195 126.1788960907615
4.561870748299319 126.1120002566211
4.571870748299319 126.43121697950782
4.58187074829932 125.32945594757878
4.5918707482993195 124.48251148073247
4.601870748299319 124.98870566389873
4.611870748299319 122.97994772228331
4.62187074829932 121.89163697564261
4.6318707482993196 123.23396709705386
4.641870748299319 122.69962715270191
4.651870748299319 121.81635718811357
4.661870748299319 124.14147229473808
4.67187074829932 125.15753640837782
4.681870748299319 124.96241497941692
4.691870748299319 125.17859998586425
4.701870748299319 124.20830751266355
4.71187074829932 124.29889305598437
4.721870748299319 125.32205891104084
4.731870748299319 123.93453208277394
4.741870748299319 123.79103343416398
4.75187074829932 123.97527377344477
4.7618707482993194 123.33809733021732
4.771870748299319 123.93890680568045
4.781870748299319 125.30742140413724
4.79187074829932 124.88230338117212
4.8018707482993195 125.85506690598577
4.811870748299319 128.10510388274818
4.821870748299319 128.07398675164202
4.83187074829932 127.61370112166989
4.8418707482993195 127.92784432534154
4.851870748299319 127.20856179110451
4.861870748299319 127.59662758154235
4.87187074829932 127.42254724212015
4.8818707482993196 128.06163218639978
4.891870748299319 129.8614411854496
4.901870748299319 129.79104269714722
4.911870748299319 131.10941972084072
4.92187074829932 130.60296055253744
4.931870748299319 129.98133744317107
4.941870748299319 130.9993201070604
4.951870748299319 130.2392473399504
4.96187074829932 130.14961753743364
4.971870748299319 130.5334372010551
4.981870748299319 129.58841478659937
4.991870748299319 129.70160691615806
5.00187074829932 128.58925508749206
5.0118707482993194 128.53264674186633
5.021870748299319 129.52055008529044
5.031870748299319 129.26169299495064
5.04187074829932 130.01904950808552
5.0518707482993195 129.67746329453598
5.061870748299319 128.5136233557963
5.071870748299319 129.2006645155707
5.08187074829932 127.81771814700535
5.0918707482993195 127.46776328175262
5.101870748299319 126.85596011089685
5.111870748299319 125.73486867963666
5.12187074829932 126.10671814489424
5.1318707482993196 124.59342964457655
5.141870748299319 121.10676353121404
5.151870748299319 121.18456948356892
5.161870748299319 124.43037301600009
5.17187074829932 123.9531893139836
5.181870748299319 122.32300942772
5.191870748299319 117.49438649126293
5.201870748299319 116.86996524210309
5.21187074829932 120.18102191138536
5.221870748299319 120.76899546247562
5.231870748299319 113.09426474061365
5.241870748299319 106.32760452588654
5.25187074829932 133.88313330318095
5.2618707482993194 132.02872437420882
5.271870748299319 129.94282660817993
5.281870748299319 130.39830313160147
5.29187074829932 128.78107981006093
5.3018707482993195 125.79749282398964
5.311870748299319 121.42252892440418
5.321870748299319 119.83954788562275
5.33187074829932 118.47330296363572
5.3418707482993195 117.28172441092347
5.351870748299319 115.36440164291315
5.361870748299319 114.79909987515853
5.37187074829932 114.96203664952068
5.3818707482993196 115.69948895446336
5.391870748299319 115.68250160829099
5.401870748299319 116.04245843123029
5.411870748299319 115.62130030596754
5.42187074829932 115.76332414967644
5.431870748299319 116.94553689059147
5.441870748299319 117.0570742704543
5.451870748299319 116.80447946317855
5.46187074829932 116.97340974765329
5.471870748299319 115.95668432306536
5.481870748299319 115.63161404897339
5.491870748299319 114.93052590158038
5.50187074829932 115.35743314022233
5.5118707482993194 115.43672013438099
5.521870748299319 115.34273527028533
5.531870748299319 115.2098613718506
5.54187074829932 115.39295756799365
5.5518707482993195 115.59812259400995
5.561870748299319 113.79371795289003
5.571870748299319 112.04100776743141
5.58187074829932 112.26731153766089
5.5918707482993195 112.21876991036231
5.601870748299319 112.40830827070977
5.611870748299319 113.1236350636118
5.62187074829932 114.48139374223871
5.6318707482993196 114.7742936257096
5.641870748299319 115.35946055919248
5.651870748299319 114.83750456566656
5.661870748299319 114.56770808061083
5.67187074829932 114.9888716117534
5.681870748299319 115.44126417082488
5.691870748299319 115.38113753827534
5.701870748299319 115.26480867893058
5.71187074829932 115.5615744047215
5.721870748299319 115.90979432138055
5.731870748299319 115.23525694029162
5.741870748299319 114.79407360017018
5.75187074829932 114.65511600927239
5.7618707482993194 115.09161769051444
5.771870748299319 115.50833138148126
5.781870748299319 115.78220456432882
5.79187074829932 116.62486415502202
5.8018707482993195 116.85096872016699
5.811870748299319 116.97288343449007
5.821870748299319 118.32784356215579
5.83187074829932 120.50090617304065
5.8418707482993195 120.6941653380528
5.851870748299319 120.15160597083944
5.861870748299319 120.43455194314662
5.87187074829932 118.9761144938787
5.8818707482993196 117.18739212285881
5.891870748299319 117.09975533270084
5.901870748299319 117.22651450864308
5.911870748299319 118.51413495344164
5.92187074829932 119.25298667590774
5.931870748299319 118.3828293057024
5.941870748299319 118.21433053335733
5.951870748299319 120.55670493038009
5.96187074829932 117.1505459503687
5.971870748299319 117.18325761480442
5.981870748299319 116.56396892824705
5.991870748299319 117.46578148945132
6.00187074829932 120.2342698621788
6.0118707482993194 121.6938451972681
6.021870748299319 122.59919683194224
6.031870748299319 119.76241817864988
6.04187074829932 118.11245218335132
6.0518707482993195 118.83054340526785
6.061870748299319 121.59806531767381
6.071870748299319 118.19398581138789
6.08187074829932 117.84792281294828
6.0918707482993195 118.25170229488525
6.101870748299319 116.82820652672571
6.111870748299319 114.73816541907559
6.12187074829932 115.13217027634981
6.1318707482993196 114.66515426182514
6.141870748299319 114.47150384036189
6.151870748299319 113.2891712623276
6.16187074829932 113.33530291218042
6.17187074829932 113.84053949767946
6.181870748299319 113.09128496693461
6.191870748299319 109.46792537067263
6.201870748299319 106.99491036413993
6.21187074829932 105.4504168543705
6.221870748299319 108.12650537325977
6.231870748299319 112.80228045768689
6.241870748299319 113.49800609264902
6.25187074829932 115.11596234316156
6.2618707482993194 116.74274090398954
6.271870748299319 118.35717290384744
6.281870748299319 119.9859825847487
6.29187074829932 119.59098173977019
6.3018707482993195 120.17668625354442
6.311870748299319 119.01133847713697
6.321870748299319 118.54736756316285
6.33187074829932 119.06906568547181
6.3418707482993195 119.51732069981665
6.351870748299319 118.78862014573373
6.361870748299319 120.58903986781294
6.37187074829932 118.34461193753813
6.3818707482993196 118.22380125386556
6.391870748299319 119.84995602570046
6.401870748299319 120.87996465263134
6.41187074829932 123.56929226610056
6.42187074829932 124.52343407836428
6.431870748299319 125.23073860527911
6.441870748299319 125.10340531311707
6.451870748299319 123.7251895347336
6.46187074829932 122.65311208593391
6.471870748299319 121.88903957396721
6.481870748299319 119.56502683121548
6.491870748299319 120.41956575103947
6.50187074829932 120.5035452961059
6.5118707482993194 120.09127155007518
6.521870748299319 120.8106945492217
6.531870748299319 122.00884734760041
6.54187074829932 123.71861325601185
6.5518707482993195 122.97557513217906
6.561870748299319 122.80766440117759
6.571870748299319 123.06215556700192
6.58187074829932 123.1707635461239
6.5918707482993195 122.34096268670694
6.601870748299319 121.90835843359211
6.611870748299319 122.2243767621447
6.62187074829932 122.23979876124014
6.6318707482993196 121.50054168278355
6.641870748299319 120.95833940605229
6.651870748299319 119.19342783182499
6.66187074829932 120.28805690455283
6.67187074829932 117.80925854995604
6.681870748299319 118.8989704755089
6.691870748299319 119.38502401989727
6.701870748299319 121.24656266759712
6.71187074829932 121.17916961936078
6.721870748299319 122.28728529947267
6.731870748299319 123.07199487380731
6.741870748299319 121.6880091747664
6.75187074829932 122.58386526291616
6.7618707482993194 122.90589298286727
6.771870748299319 121.23859569082687
6.781870748299319 120.51306367347559
6.79187074829932 120.87837090719714
6.8018707482993195 119.28396175430638
6.811870748299319 117.08846979623894
6.821870748299319 115.68179166860284
6.83187074829932 118.34713045458345
6.8418707482993195 117.45398246699317
6.851870748299319 121.18906376565954
6.861870748299319 124.71637757386516
6.87187074829932 121.9660750611496
6.8818707482993196 118.92017366514254
6.891870748299319 122.13618094146653
6.901870748299319 122.82226186082292
6.91187074829932 119.08975722844129
6.92187074829932 119.68453264914216
6.931870748299319 114.6346417278697
6.941870748299319 113.82706850598186
6.951870748299319 115.11685184390693
6.96187074829932 116.62031023060233
6.971870748299319 116.11293996849473
6.981870748299319 116.85168538247557
6.991870748299319 119.20014810868291
7.00187074829932 119.20483356421815
7.0118707482993194 115.20174975443089
7.021870748299319 116.61831808976507
7.031870748299319 122.5526428845176
7.04187074829932 120.04980997801368
7.0518707482993195 114.9870757838165
7.061870748299319 117.58192391167914
7.071870748299319 122.79563403979735
7.08187074829932 113.79374144415047
7.0918707482993195 111.03730294590503
7.221870748299319 105.0196761084869
7.231870748299319 117.38863184310033
7.241870748299319 126.84637873962092
7.25187074829932 118.78224162594138
7.5118707482993194 117.03298164630908
7.521870748299319 116.60684439650932
7.531870748299319 118.18355196267746
7.54187074829932 119.11000112453745
7.5518707482993195 107.70610322545927
8.16187074829932 165.06600558595326
8.17187074829932 160.26247029515625
8.18187074829932 149.14880811933315
8.19187074829932 145.65645014051125
8.201870748299319 137.8104179493817
8.211870748299319 137.42152846452055
8.221870748299319 137.3080755671594
8.23187074829932 138.58058182512326
8.24187074829932 135.760142123615
8.25187074829932 134.77945281083774
8.26187074829932 133.7307695779941
8.27187074829932 130.18699250934583
8.281870748299319 129.37984505566249
8.291870748299319 126.4371673966819
8.301870748299319 125.90421524168687
8.31187074829932 124.7979166668118
8.32187074829932 125.11101559777268
8.33187074829932 125.25442863764107
8.34187074829932 125.27207915048827
8.35187074829932 124.91804615522035
8.361870748299319 125.13069277036223
8.371870748299319 124.39201632669452
8.381870748299319 123.8301507767375
8.39187074829932 122.81144161705826
8.40187074829932 123.38330421526821
8.41187074829932 123.58453587268923
8.42187074829932 123.79716969923972
8.43187074829932 123.27423095768906
8.44187074829932 123.10843398610628
8.451870748299319 122.71306298982023
8.461870748299319 122.37420053732161
8.471870748299319 121.41724311354308
8.48187074829932 121.75340012808014
8.49187074829932 121.53269203166302
8.50187074829932 121.96244938312887
8.51187074829932 122.12913488967267
8.52187074829932 121.9019116742414
8.531870748299319 121.95113410021565
8.541870748299319 122.64714462002966
8.551870748299319 123.09012512329137
8.56187074829932 123.9278709237775
8.57187074829932 123.80392020896389
8.58187074829932 122.2650990719213
8.59187074829932 123.27395787056662
8.60187074829932 122.98958890059362
8.611870748299319 123.68701376013719
8.621870748299319 123.25385592805037
8.631870748299319 122.69224101796664
8.64187074829932 123.61741720971914
8.65187074829932 122.42805611907087
8.66187074829932 121.33648588530278
8.67187074829932 121.13426186516504
8.68187074829932 120.62902989643912
8.69187074829932 120.8781195460957
8.701870748299319 122.46645326053492
8.711870748299319 123.68970334244996
8.72187074829932 128.14019168043004
8.73187074829932 125.32977620796368
8.74187074829932 125.59578063713352
8.75187074829932 126.8119873243613
8.76187074829932 126.01409146534533
8.77187074829932 125.12398360718869
8.781870748299319 123.97375175634185
8.791870748299319 123.51335606420226
8.801870748299319 123.21612811944456
8.81187074829932 124.18278741315227
8.82187074829932 124.59395910507176
8.83187074829932 124.92156089089245
8.84187074829932 124.26407894883631
8.85187074829932 124.3368336561198
8.861870748299319 125.93855057424635
8.871870748299319 125.65815610086084
8.881870748299319 125.48567400912978
8.89187074829932 125.4945344126785
8.90187074829932 125.99273213112568
8.91187074829932 126.62042307264245
8.92187074829932 125.87598369140422
8.93187074829932 126.31256641585111
8.94187074829932 126.70959096046481
8.951870748299319 127.02212192992593
8.961870748299319 127.38461720225233
8.97187074829932 127.99013311435012
8.98187074829932 128.06869097737203
8.99187074829932 128.07878974960198
9.00187074829932 128.4790818203827
9.01187074829932 127.68660231883925
9.02187074829932 126.60107431085262
9.031870748299319 126.42233818217049
9.041870748299319 125.40183251474996
9.051870748299319 124.90767256910401
9.06187074829932 126.1471204846439
9.07187074829932 125.86603340085726
9.08187074829932 125.5237517483312
9.09187074829932 125.7721284890306
9.10187074829932 124.04576617694559
9.111870748299319 123.78241365710122
9.121870748299319 124.64371362788916
9.131870748299319 121.75169511708422
9.14187074829932 121.15840964498629
9.15187074829932 121.8845022851731
9.16187074829932 119.69400303250173
9.17187074829932 117.15747926167285
9.18187074829932 115.26620839917504
9.19187074829932 112.21039428334456
9.201870748299319 113.5888179338431
9.211870748299319 113.92384473338323
9.22187074829932 114.22352718471589
9.23187074829932 116.79535264136094
9.24187074829932 119.79238755186135
9.25187074829932 120.81179601701965
9.26187074829932 121.33227414380661
9.27187074829932 121.95980422941072
9.281870748299319 121.33450769413531
9.291870748299319 120.47504504863619
9.301870748299319 119.61306401832961
9.31187074829932 118.67754554816383
9.32187074829932 118.10030388585001
9.33187074829932 116.29414262537676
9.34187074829932 116.66635682913751
9.35187074829932 117.4439602876595
9.361870748299319 117.32975682056835
9.371870748299319 117.64284437603833
9.381870748299319 116.74241891420814
9.39187074829932 115.87000842127274
9.40187074829932 115.98381039879692
9.41187074829932 116.16833607078205
9.42187074829932 116.1781421643625
9.43187074829932 116.38656066161353
9.44187074829932 116.15659538036026
9.451870748299319 115.66985905962949
9.461870748299319 115.34172470736432
9.47187074829932 114.99162998687054
9.48187074829932 115.47913578051596
9.49187074829932 115.67262725734136
9.50187074829932 114.7906867365242
9.51187074829932 114.99052177078988
9.52187074829932 114.86312283458517
9.531870748299319 115.32305314171718
9.541870748299319 115.5801610108511
9.551870748299319 115.19858386289124
9.56187074829932 114.45325335535938
9.57187074829932 114.07927575877238
9.58187074829932 113.91181175060275
9.59187074829932 114.06291360216092
9.60187074829932 112.98170555393123
9.611870748299319 112.63881934122936
9.621870748299319 113.37758879635717
9.631870748299319 114.15555143950967
9.64187074829932 113.84850982806886
9.65187074829932 113.27902126119155
9.66187074829932 113.58379921636914
9.67187074829932 115.38687730030523
9.68187074829932 115.62633165343509
9.69187074829932 114.72905669293652
9.701870748299319 112.84560107689863
9.711870748299319 114.45973121999404
9.72187074829932 115.16005195892326
9.73187074829932 113.74409710496771
9.74187074829932 113.03950603739536
9.75187074829932 113.20499668115728
9.76187074829932 112.92747830295278
9.77187074829932 112.13581809928196
9.781870748299319 111.16301560959126
9.791870748299319 111.66896364595934
9.801870748299319 113.21880037311551
9.81187074829932 113.04058463231719
9.82187074829932 112.48288499315012
9.83187074829932 112.71377328164236
9.84187074829932 112.83067024466663
9.85187074829932 112.41432383872551
9.861870748299319 110.5273048450389
9.871870748299319 111.26522149018525
9.881870748299319 110.22047553974758
9.89187074829932 112.4841279362615
9.90187074829932 114.73636910287655
9.91187074829932 111.77158192653332
9.92187074829932 111.56318194213446
9.93187074829932 112.92640945201518
9.94187074829932 113.78829523425053
9.951870748299319 113.26444109538332
9.961870748299319 112.54956589103278
9.97187074829932 111.1128715236156
9.98187074829932 112.20347835403862
9.99187074829932 113.6795805847276
10.00187074829932 113.81751314141653
10.01187074829932 114.42211982188373
10.02187074829932 114.0229829959007
10.031870748299319 112.635620700453
10.041870748299319 112.33305042728387
10.051870748299319 111.54782852301823
10.06187074829932 109.54725073719607
10.07187074829932 109.22743161747455
10.08187074829932 109.34475101281122
10.09187074829932 109.54662032274844
10.10187074829932 109.02505154931046
10.111870748299319 108.66294102841715
10.121870748299319 110.65317818510137
10.131870748299319 111.55212609965831
10.14187074829932 110.81982948295531
10.15187074829932 104.58622468728453
10.16187074829932 106.44754316475797
10.17187074829932 106.97927512569743
10.18187074829932 105.37144337206645
10.19187074829932 102.54229179879987
10.201870748299319 103.16094819721718
10.211870748299319 107.65042482964893
10.22187074829932 108.32752779839798
10.23187074829932 109.59828554345023
10.24187074829932 110.13456602980634
10.25187074829932 112.13577532232601
10.26187074829932 116.10760929031538
10.27187074829932 116.93058753912341
10.281870748299319 114.68235445999824
10.291870748299319 115.48806337786492
10.301870748299319 115.30153010764194
10.31187074829932 114.98921318004567
10.32187074829932 116.20875525398364
10.33187074829932 116.67225437044027
10.34187074829932 118.24661879209654
10.35187074829932 119.30813452048342
10.361870748299319 119.06911665097336
10.371870748299319 119.553980576131
10.381870748299319 120.72529791373199
10.39187074829932 120.08944529916663
10.40187074829932 122.59166349384431
10.41187074829932 120.44660249690021
10.42187074829932 120.45530498002768
10.43187074829932 120.06455699595304
10.44187074829932 120.56635488185248
10.451870748299319 119.80484274193697
10.461870748299319 118.63370834862272
10.47187074829932 120.16962147899714
10.48187074829932 119.90871901468601
10.49187074829932 123.05210782417741
10.50187074829932 125.77609852229962
10.51187074829932 126.5950076133044
10.52187074829932 124.39642581081918
10.531870748299319 124.8308698984567
10.541870748299319 123.26243651120416
10.551870748299319 121.81931537696798
10.56187074829932 121.109487337584
10.57187074829932 120.8119817425421
10.58187074829932 119.49377356413298
10.59187074829932 118.32474514706605
10.60187074829932 117.68046449906885
10.611870748299319 118.02989793541485
10.621870748299319 118.79117864563133
10.631870748299319 120.6591516817888
10.64187074829932 125.69818940764884
10.65187074829932 127.57984507925973
10.66187074829932 124.88095254152283
10.67187074829932 124.50033751356214
10.68187074829932 123.04314136389883
10.69187074829932 123.88319212593905
10.701870748299319 123.5099223467516
10.711870748299319 121.8698453648371
10.72187074829932 122.20392908478661
10.73187074829932 123.00362439687046
10.74187074829932 119.96050237132948
10.75187074829932 119.85427321390483
10.76187074829932 119.57589180018152
10.77187074829932 119.52268757940091
10.781870748299319 118.41991548304314
10.791870748299319 121.19100276406803
10.801870748299319 121.88033409165745
10.81187074829932 119.91485477423981
10.82187074829932 120.7630140567431
10.83187074829932 119.58008994558192
10.84187074829932 118.69382799775128
10.85187074829932 117.1969580120479
10.861870748299319 116.19028669459976
10.871870748299319 118.09476342594914
10.881870748299319 117.83731028191508
10.89187074829932 117.71423550556581
10.90187074829932 116.68684813321343
10.91187074829932 117.88107593796347
10.92187074829932 118.2424520822635
10.93187074829932 115.45036295110677
10.94187074829932 115.54430309935506
10.951870748299319 118.1575108194857
10.961870748299319 117.67092480253093
10.97187074829932 115.93107759858242
10.98187074829932 117.02455134416273
10.99187074829932 118.26023636646656
11.00187074829932 117.10711872928111
11.01187074829932 115.62055562607766
11.02187074829932 117.22571091602724
11.031870748299319 118.03410996866982
11.041870748299319 116.39437436666422
11.051870748299319 115.74308205724482
11.06187074829932 116.70456353639388
11.07187074829932 115.45781307697324
11.08187074829932 113.45285720061356
11.09187074829932 112.7818841816742
11.10187074829932 113.38137484637177
11.111870748299319 114.93127530734968
11.121870748299319 115.5050818526609
11.131870748299319 114.7390943785931
11.14187074829932 115.61952381567353
11.15187074829932 117.71827293537389
11.16187074829932 114.45112413092892
11.17187074829932 114.13561245390997
11.18187074829932 119.26375603215449
11.19187074829932 114.14376783131871
11.201870748299319 111.60886307120377
11.211870748299319 113.60850241864448
12.111870748299319 156.2252398511263
12.121870748299319 151.33702495516985
12.131870748299319 144.5780395298158
12.14187074829932 140.67944148807922
12.15187074829932 139.07882856730237
12.16187074829932 137.78867639296794
12.17187074829932 136.43524743920045
12.18187074829932 135.06005870982898
12.19187074829932 133.09300623673593
12.201870748299319 127.69482584556619
12.211870748299319 125.83541998700449
12.22187074829932 124.6924241729961
12.23187074829932 123.8093796974134
12.24187074829932 122.09911057013082
12.25187074829932 121.76675043196707
12.26187074829932 120.6146647732586
12.27187074829932 120.73266720968611
12.281870748299319 120.00380069265226
12.291870748299319 119.04030093755556
12.30187074829932 118.44349935464408
12.31187074829932 117.03831230574652
12.32187074829932 116.44057909877964
12.33187074829932 117.62723137663448
12.34187074829932 118.68647846596835
12.35187074829932 119.34769183765533
12.361870748299319 119.64255438627308
12.371870748299319 120.1530516133271
12.381870748299319 120.7983000923389
12.39187074829932 121.39262502488033
12.40187074829932 121.71461988162066
12.41187074829932 120.718150342356
12.42187074829932 119.98320838666821
12.43187074829932 119.26562639078091
12.44187074829932 119.4399284366452
12.451870748299319 119.24136654547013
12.461870748299319 119.40520805882454
12.47187074829932 120.02241079923401
12.48187074829932 121.20036669794952
12.49187074829932 121.43540566386477
12.50187074829932 122.33356315751435
12.51187074829932 122.93155464422769
12.52187074829932 123.37053297757421
12.531870748299319 122.83868083538705
12.541870748299319 122.44949763179793
12.55187074829932 122.48434124943569
12.56187074829932 123.02086529054301
12.57187074829932 123.87012867739365
12.58187074829932 124.44558201358639
12.59187074829932 124.94354614263203
12.60187074829932 126.73123892811996
12.611870748299319 128.2478194003899
12.621870748299319 128.33285811862734
12.631870748299319 129.4656618177814
12.64187074829932 129.13731850471217
12.65187074829932 128.5284288169448
12.66187074829932 128.56907455310943
12.67187074829932 129.67283031283807
12.68187074829932 130.29403442014362
12.69187074829932 129.46592084169222
12.701870748299319 128.72260814187558
12.711870748299319 128.0123363927293
12.72187074829932 126.61165605961945
12.73187074829932 124.88620777206836
12.74187074829932 124.0572306065091
12.75187074829932 124.83566700591247
12.76187074829932 126.40487715027736
12.77187074829932 126.71104210827278
12.781870748299319 124.01298036834233
12.791870748299319 124.56561575917291
12.80187074829932 121.9309401764571
12.81187074829932 123.05081509134922
12.82187074829932 122.55075778774224
12.83187074829932 123.47285628821334
12.84187074829932 125.14559836391874
12.85187074829932 127.81482230519181
12.861870748299319 127.86540668670655
12.871870748299319 128.22200275293648
12.881870748299319 128.53212258805536
12.89187074829932 128.67839926229394
12.90187074829932 129.00850570801575
12.91187074829932 131.34433521190394
12.92187074829932 130.83512922726612
12.93187074829932 130.95433405324343
12.94187074829932 130.1745154040286
12.951870748299319 129.06691763464514
12.961870748299319 128.4573568527372
12.97187074829932 126.34991527811943
12.98187074829932 123.9714475568518
12.99187074829932 122.49495883864948
13.00187074829932 121.51877402289591
13.01187074829932 120.78661539913344
13.02187074829932 125.77685956128809
13.031870748299319 127.66703410138808
13.041870748299319 126.72239464626719
13.05187074829932 120.65478204328312
13.06187074829932 117.42821738587685
13.07187074829932 117.3365944799044
13.08187074829932 114.30629082272091
13.09187074829932 111.65893822869135
13.10187074829932 109.44134446346597
13.111870748299319 109.27554311173539
13.121870748299319 108.71271473838716
13.131870748299319 109.30544810478631
13.14187074829932 108.91591594081196
13.15187074829932 108.0061197493659
13.16187074829932 107.75479974144395
13.17187074829932 106.44427889222078
13.18187074829932 107.0510123132708
13.19187074829932 106.80653237800968
13.201870748299319 107.13118430185277
13.211870748299319 106.93063295199028
13.22187074829932 107.49157405637129
13.23187074829932 107.6806977204111
13.24187074829932 108.37708323121149
13.25187074829932 108.09539010626158
13.26187074829932 109.9570369794657
13.27187074829932 109.65994528976341
13.281870748299319 109.60929057869203
13.291870748299319 109.27289813880905
13.30187074829932 110.48419639144018
13.31187074829932 110.98062417058438
13.32187074829932 110.40369645420753
13.33187074829932 110.60102238055349
13.34187074829932 111.57767236785449
13.35187074829932 110.76804198638959
13.361870748299319 111.47010694267229
13.371870748299319 109.07789310323196
13.381870748299319 109.38378471040942
13.39187074829932 112.26226957954366
13.40187074829932 114.00189181273262
13.41187074829932 112.9716184121193
13.42187074829932 110.45950061870042
13.43187074829932 108.90085978149895
13.44187074829932 110.12802957193085
13.451870748299319 107.18966820468212
13.461870748299319 107.72254921890884
13.47187074829932 106.86521342960042
13.48187074829932 108.11906350107246
13.49187074829932 109.0051158285836
13.50187074829932 109.33469770443105
13.51187074829932 108.43405045599187
13.52187074829932 108.75178777578584
13.531870748299319 108.93913767552671
13.541870748299319 108.1269280766692
13.55187074829932 108.35947353578166
13.56187074829932 108.8371646618063
13.57187074829932 108.37106360866827
13.58187074829932 108.18460288514544
13.59187074829932 107.53461440354846
13.60187074829932 106.7016988045224
13.611870748299319 106.58974966789495
13.621870748299319 105.23361668034046
13.631870748299319 104.71150372043398
13.64187074829932 104.77282454853832
13.65187074829932 104.35962308849047
13.66187074829932 104.71689161053979
13.67187074829932 107.17483066463105
13.68187074829932 106.83030326703825
13.69187074829932 108.0555343289708
13.701870748299319 111.00482978611691
13.711870748299319 109.8556372090535
13.72187074829932 108.09443500822869
13.73187074829932 108.14713090223255
13.74187074829932 109.1153843434475
13.75187074829932 109.30466951028606
13.76187074829932 108.38850426958093
13.77187074829932 102.41993781685639
13.781870748299319 99.91308671461351
13.791870748299319 99.65092079077323
13.80187074829932 98.95750535757743
13.81187074829932 99.48894790828612
13.82187074829932 99.06811768544489
13.83187074829932 98.82080833216924
13.84187074829932 99.2761534894176
13.85187074829932 97.77677627398028
13.861870748299319 98.5842986071152
13.871870748299319 99.74550690265646
13.881870748299319 104.17187772396372
13.89187074829932 106.41162508152433
13.90187074829932 109.95570262847696
13.91187074829932 111.73332534628985
13.92187074829932 113.24680328597984
13.93187074829932 114.4883202064956
13.94187074829932 114.80220625293356
13.951870748299319 115.52653874397238
13.961870748299319 115.23096428609715
13.97187074829932 114.90377362213381
13.98187074829932 115.20822180565257
13.99187074829932 114.32011986446999
14.00187074829932 114.7672694667499
14.01187074829932 116.4680929843685
14.02187074829932 115.7177880132446
14.031870748299319 115.84493212454075
14.041870748299319 116.17575152301123
14.05187074829932 116.62985343693023
14.06187074829932 120.44149250121015
14.07187074829932 121.07813424182858
14.08187074829932 122.8620715310224
14.09187074829932 122.47064417151188
14.10187074829932 124.7579938005335
14.111870748299319 122.32297927058788
14.121870748299319 122.38550516859364
14.131870748299319 124.98499470055427
14.14187074829932 124.41173058942039
14.15187074829932 124.11066404882843
14.16187074829932 124.8688735059747
14.17187074829932 125.54436128542241
14.18187074829932 124.38753617960226
14.19187074829932 121.35104787088298
14.201870748299319 122.04789865975411
14.211870748299319 120.94988588788755
14.22187074829932 120.32126893500099
14.23187074829932 120.42742809270268
14.24187074829932 122.30423012568725
14.25187074829932 121.99433972816703
14.26187074829932 125.45448016208069
14.27187074829932 126.95208614970261
14.281870748299319 126.96502029866505
14.291870748299319 129.60454306029104
14.30187074829932 130.97101071510394
14.31187074829932 132.0845891252435
14.32187074829932 135.0118234092017
14.33187074829932 135.94518519780377
14.34187074829932 135.61382884382493
14.35187074829932 133.2167696616393
14.361870748299319 132.66410519668983
14.371870748299319 132.2510197702117
14.381870748299319 132.2486842769903
14.39187074829932 136.1335274107122
14.40187074829932 136.7386686849986
14.41187074829932 142.08496536360798
14.42187074829932 136.08694628511455
14.43187074829932 134.15548682493474
14.44187074829932 130.3248686773904
14.48187074829932 117.60563742097523
14.49187074829932 123.1447367281254
14.50187074829932 130.88704545408658
14.51187074829932 116.92603861761286
