0.09200680272108813 172.6283164909291
0.10200680272108813 159.62540856683887
0.11200680272108812 154.6947939840287
0.12200680272108813 150.3364293602995
0.1320068027210881 147.05396136460658
0.14200680272108812 144.8588429335384
0.15200680272108813 141.98519500745957
0.16200680272108814 139.98561582568243
0.17200680272108812 138.87073911148192
0.18200680272108813 138.13221261532746
0.19200680272108814 135.9474391282998
0.20200680272108812 134.17711871078916
0.21200680272108813 131.9440815929047
0.22200680272108814 131.3580290702216
0.23200680272108812 130.87724034382964
0.24200680272108813 131.0804329896559
0.2520068027210881 131.53211844557487
0.2620068027210881 131.28830212748622
0.2720068027210881 130.95149905298297
0.28200680272108813 130.13671816132222
0.29200680272108814 129.94699120401972
0.30200680272108815 129.42089836144325
0.3120068027210881 127.95077008290286
0.3220068027210881 126.79003026242249
0.3320068027210881 125.80926253524105
0.34200680272108813 125.69471382870053
0.35200680272108814 126.49566154378788
0.36200680272108815 125.97190147283783
0.37200680272108816 125.47115600565363
0.3820068027210881 125.86702047893583
0.3920068027210881 125.62361743208461
0.40200680272108813 125.88478112520832
0.41200680272108814 125.30203837884764
0.42200680272108815 125.32586392509555
0.43200680272108816 126.06535283776694
0.4420068027210881 126.75616905677572
0.4520068027210881 126.44738964914447
0.46200680272108813 126.36775909015607
0.47200680272108814 125.56154379838767
0.48200680272108815 125.25215884154665
0.49200680272108815 124.70871372803705
0.5020068027210881 123.51980760633731
0.5120068027210881 123.3213076291747
0.5220068027210881 125.03971181886622
0.5320068027210881 125.3210851799196
0.5420068027210881 125.29006679200417
0.5520068027210882 126.78209019617184
0.5620068027210882 127.02550917564054
0.5720068027210882 127.29050492317754
0.5820068027210882 127.27801260687295
0.5920068027210882 127.17162670512924
0.6020068027210881 127.269446527389
0.6120068027210881 127.73476928481426
0.6220068027210881 127.76796446084084
0.6320068027210881 128.58230833830464
0.6420068027210881 128.25746350678403
0.6520068027210881 127.77804917172786
0.6620068027210881 127.6681105328386
0.6720068027210882 128.2796699156907
0.6820068027210882 128.57422046893439
0.6920068027210882 128.62514941006097
0.7020068027210882 129.13272800215816
0.7120068027210882 130.4197185428453
0.7220068027210882 131.36636200340246
0.7320068027210881 131.78399238593087
0.7420068027210881 132.42947604541814
0.7520068027210881 132.59163016134735
0.7620068027210881 132.72522388467996
0.7720068027210881 132.1774532023355
0.7820068027210881 132.81720700310413
0.7920068027210881 131.71822461275346
0.8020068027210882 130.8108101228032
0.8120068027210882 131.59823428149022
0.8220068027210882 131.64036120523198
0.8320068027210882 132.8907201637142
0.8420068027210882 132.62056891453867
0.8520068027210882 131.30352930219846
0.8620068027210881 131.3840722309244
0.8720068027210881 130.6331574283493
0.8820068027210881 130.92930950057217
0.8920068027210881 130.88964074614114
0.9020068027210881 130.67581551817338
0.9120068027210881 131.79778786561099
0.9220068027210882 133.68408496641445
0.9320068027210882 135.12899269135593
0.9420068027210882 133.67191352603496
0.9520068027210882 133.68204038174784
0.9620068027210882 132.5267770320735
0.9720068027210882 132.17304309188967
0.9820068027210881 131.02754387028244
0.9920068027210881 129.8724926344942
1.002006802721088 129.7633274174808
1.012006802721088 129.47348730390533
1.022006802721088 130.05354082754147
1.032006802721088 130.3073412998604
1.042006802721088 129.8993766819056
1.052006802721088 130.54102217623725
1.062006802721088 129.99360641647513
1.072006802721088 130.34416187428508
1.082006802721088 131.25221173121255
1.092006802721088 131.33278580313868
1.102006802721088 130.50126483074706
1.112006802721088 129.47962480763061
1.122006802721088 129.06520407668987
1.1320068027210881 128.31184597739144
1.1420068027210881 126.60488615235131
1.1520068027210881 124.17645663584385
1.1620068027210881 121.4552876258486
1.1720068027210881 120.56953753914622
1.182006802721088 118.5634260947668
1.192006802721088 116.67446193278008
1.202006802721088 114.81686244794493
1.212006802721088 114.95167621652006
1.222006802721088 114.63994047929104
1.232006802721088 114.42372544138615
1.242006802721088 114.89918330187677
1.252006802721088 115.24995927738829
1.262006802721088 115.04139417247661
1.272006802721088 115.50891401195508
1.282006802721088 115.27431635978786
1.292006802721088 114.5182598036067
1.302006802721088 114.47663676143321
1.312006802721088 114.371075509087
1.322006802721088 114.8700090770956
1.332006802721088 114.60328273005112
1.342006802721088 114.15172407248761
1.352006802721088 114.88984959967887
1.362006802721088 115.0329118879409
1.372006802721088 115.02115846532631
1.3820068027210881 113.79333673800684
1.3920068027210881 113.4611699510327
1.4020068027210881 112.35021871901252
1.4120068027210881 111.31175758779258
1.4220068027210881 110.12534108995573
1.432006802721088 110.03939850300628
1.442006802721088 109.79765104867626
1.452006802721088 111.03956440979249
1.462006802721088 111.96238834155368
1.472006802721088 111.2586457431301
1.482006802721088 111.78618581775743
1.492006802721088 111.7403442581353
1.502006802721088 111.89405679966457
1.512006802721088 111.8749700472995
1.522006802721088 110.7938396817947
1.532006802721088 110.87970708111169
1.542006802721088 109.68299372524605
1.552006802721088 111.02247596367201
1.562006802721088 111.91207504401623
1.572006802721088 112.14835171809504
1.582006802721088 110.59278373174052
1.592006802721088 109.30689684902359
1.602006802721088 109.54898221306789
1.612006802721088 114.8028370276435
1.622006802721088 110.013272278111
1.6320068027210881 111.05921843539045
1.6420068027210881 112.34182255369451
1.6520068027210881 112.94264631924187
1.6620068027210881 113.32671419577662
1.6720068027210881 113.68198087818696
1.6820068027210882 114.70002804520954
1.692006802721088 113.71947018501037
1.702006802721088 113.61041710999972
1.712006802721088 113.69589740866395
1.722006802721088 114.25386663056354
1.732006802721088 114.22931913434643
1.742006802721088 114.4433428732852
1.752006802721088 114.60443948686891
1.762006802721088 114.6282203923333
1.772006802721088 113.93554738667859
1.782006802721088 114.8787478283123
1.792006802721088 115.06746146446834
1.802006802721088 115.28513141298141
1.812006802721088 116.49382228179707
1.822006802721088 115.74236363741001
1.832006802721088 115.74592483354178
1.842006802721088 115.05515572295731
1.852006802721088 115.70042378379502
1.862006802721088 115.48738011884828
1.872006802721088 115.4915114632819
1.8820068027210881 115.69437742402584
1.8920068027210881 115.09965921136192
1.9020068027210881 114.94947185194923
1.9120068027210881 114.80050084737667
1.9220068027210881 114.5038221836919
1.9320068027210882 114.79606972439413
1.942006802721088 114.60017628516985
1.952006802721088 115.69274691996077
1.962006802721088 116.13616268037093
1.972006802721088 115.48177954037523
1.982006802721088 114.98423790645573
1.992006802721088 114.7865719796517
2.002006802721088 113.72128820325523
2.0120068027210882 111.75403767822532
2.022006802721088 110.38206322108493
2.0320068027210882 108.52745095634813
2.042006802721088 107.13092041013225
2.0520068027210883 108.1483945046703
2.062006802721088 108.8501504802118
2.072006802721088 108.82297388983419
2.082006802721088 108.34031215981705
2.092006802721088 107.76042034741683
2.102006802721088 107.76775418664892
2.112006802721088 108.08624223261093
2.122006802721088 108.89572193684684
2.132006802721088 109.92022907908736
2.142006802721088 113.42762918448925
2.152006802721088 113.98858719336776
2.162006802721088 114.95567069110753
2.172006802721088 114.55908990507876
2.182006802721088 114.39204964382469
2.192006802721088 115.06414026036171
2.202006802721088 115.8630572131182
2.212006802721088 116.16255533824915
2.222006802721088 116.9177467245295
2.232006802721088 117.98239711703435
2.242006802721088 118.33499557415327
2.252006802721088 119.38940421320785
2.2620068027210882 119.13875007715562
2.272006802721088 119.24965729821416
2.2820068027210882 119.59561553748087
2.292006802721088 118.84758775904298
2.3020068027210883 118.5867520861013
2.312006802721088 117.1855604349474
2.3220068027210883 118.34836624967693
2.332006802721088 118.85904538638957
2.342006802721088 120.55626703854601
2.352006802721088 122.13113164411399
2.362006802721088 123.42849877691276
2.372006802721088 127.16585143054353
2.382006802721088 128.8715340340796
2.392006802721088 132.38582270809013
2.402006802721088 132.16172095355023
2.412006802721088 130.5194940748089
2.422006802721088 128.83020886364397
2.432006802721088 127.1047168222328
2.442006802721088 124.72285551411568
2.452006802721088 124.22483806782218
2.462006802721088 125.63415979755277
2.472006802721088 125.7325068100904
2.482006802721088 125.38273033404627
2.492006802721088 125.85571592347253
2.502006802721088 124.89057875020181
2.5120068027210882 123.2426065220332
2.522006802721088 123.21057158463577
2.5320068027210882 123.30513897906629
2.542006802721088 124.12338825186671
2.5520068027210883 126.4108683991784
2.562006802721088 127.58723901628166
2.5720068027210883 128.63467437272598
2.582006802721088 130.27353322014972
2.592006802721088 130.21638077909705
2.602006802721088 131.75224546707707
2.612006802721088 133.8510415018759
2.622006802721088 134.71925034806415
2.632006802721088 135.7971296883256
2.642006802721088 134.94359982686674
2.652006802721088 135.54683931612348
2.662006802721088 135.0979539668035
2.672006802721088 133.70873523442256
2.682006802721088 130.75694939425333
2.692006802721088 128.5515882610469
2.702006802721088 127.16476778414965
2.712006802721088 123.97047133156401
2.722006802721088 122.37538778138948
2.732006802721088 121.90279994434702
2.742006802721088 119.07014650325574
2.752006802721088 117.05794174265074
2.7620068027210882 115.48907177896969
2.772006802721088 116.57256639691668
2.7820068027210882 116.51324773651672
2.792006802721088 115.85420086780857
2.8020068027210883 114.7139536050793
2.812006802721088 115.15907841591643
2.8220068027210883 115.53687201996811
2.832006802721088 113.96159862311202
2.842006802721088 113.85335426136362
2.852006802721088 116.69783270095604
2.862006802721088 119.88484918145684
2.872006802721088 117.4707179713451
2.882006802721088 117.42168202173711
2.892006802721088 122.29852741316596
2.902006802721088 128.7619333139693
2.912006802721088 122.1506003865716
2.922006802721088 123.67738533998417
2.932006802721088 123.82832723548188
2.942006802721088 128.15739742689354
2.952006802721088 117.44128114040873
2.962006802721088 116.69535079268668
2.972006802721088 123.13466961445432
2.982006802721088 114.74723577575041
2.992006802721088 114.53343012509195
3.002006802721088 114.36642992851138
3.162006802721088 111.02801644924263
3.472006802721088 100.16617227076681
3.482006802721088 100.10224262896818
3.492006802721088 117.1778771425272
3.502006802721088 128.9348682375182
3.722006802721088 124.11528804021611
3.732006802721088 125.61672645865683
3.742006802721088 114.56058684044241
3.752006802721088 111.87933497049208
3.922006802721088 102.83810958659394
3.932006802721088 101.06257051646917
4.092006802721088 168.83657212763455
4.102006802721088 152.63005396480187
4.112006802721088 145.71355332326834
4.122006802721088 144.2258098953236
4.132006802721088 142.23921657129173
4.142006802721088 139.39793957578863
4.152006802721088 136.3549946353963
4.162006802721088 134.14721315730677
4.172006802721088 131.52831872014218
4.182006802721088 130.03463487191567
4.192006802721088 130.35491102002595
4.202006802721088 128.36816916858925
4.212006802721088 127.15003169475361
4.222006802721088 126.92252552269274
4.232006802721088 125.30911993327277
4.242006802721088 124.45945975325898
4.252006802721088 125.65457781535258
4.262006802721088 124.51901998259541
4.272006802721088 123.98272622856177
4.282006802721088 125.2869553814778
4.2920068027210885 124.5819619512951
4.302006802721088 125.98706104541526
4.312006802721088 125.94528839212768
4.322006802721088 124.34683479962595
4.3320068027210885 124.29897867519892
4.342006802721088 122.92885992936077
4.352006802721088 122.37528198869157
4.362006802721088 122.37539478274888
4.3720068027210885 121.57196166693879
4.382006802721088 121.47702693957353
4.392006802721088 121.61652904286369
4.402006802721088 121.11326929847247
4.412006802721088 119.79969778649296
4.422006802721088 117.29990256680433
4.432006802721088 116.69687511955478
4.442006802721088 116.91781968688602
4.452006802721088 116.17882551376377
4.462006802721088 116.56075796450959
4.472006802721088 118.19101165534293
4.482006802721088 117.8368167764739
4.492006802721088 116.0716219922236
4.502006802721088 115.70694997671194
4.512006802721088 115.1010214507516
4.522006802721088 119.91185676668813
4.532006802721088 119.20331826193768
4.5420068027210885 118.51835524520348
4.552006802721088 118.61648473783075
4.562006802721088 123.47593312238746
4.572006802721088 117.29998849526523
4.5820068027210885 115.59364205852931
4.592006802721088 120.45364684263954
4.602006802721088 117.66503102145501
4.612006802721088 118.29244316941167
4.6220068027210885 119.8302551775074
4.632006802721088 122.10474780423789
4.642006802721088 121.47112465065648
4.652006802721088 121.2998723384343
4.662006802721088 120.80442933642433
4.672006802721088 119.01042129494877
4.682006802721088 118.34540295705276
4.692006802721088 119.1992936136784
4.702006802721088 122.04284222752416
4.712006802721088 122.07860484283881
4.722006802721088 120.81698740543722
4.732006802721088 121.47316683116627
4.742006802721088 121.19755871647408
4.752006802721088 120.78129397688494
4.762006802721088 120.68876828778168
4.772006802721088 121.27063079400565
4.782006802721088 121.30715138001763
4.7920068027210885 121.17566532833634
4.802006802721088 119.5498601596773
4.812006802721088 120.53970491235539
4.822006802721088 122.83155737249565
4.8320068027210885 122.36532127009893
4.842006802721088 122.41337066664067
4.852006802721088 124.58251744925258
4.862006802721088 124.1520361062985
4.8720068027210885 124.36616007564665
4.882006802721088 126.34633191259785
4.892006802721088 126.04849214592261
4.902006802721088 125.46952088957873
4.912006802721088 126.44319797157455
4.922006802721088 126.10859102108259
4.932006802721088 125.43980109941103
4.942006802721088 126.07765323734928
4.952006802721088 125.52872802677427
4.962006802721088 127.00518284333397
4.972006802721088 127.71092535789184
4.982006802721088 126.4756146243661
4.992006802721088 127.16575443128318
5.002006802721088 126.57254843721553
5.012006802721088 126.96937518287295
5.022006802721088 127.33624352718186
5.032006802721088 126.50911901946817
5.0420068027210885 125.56329039707987
5.052006802721088 125.83221640013885
5.062006802721088 123.79053113699135
5.072006802721088 123.03232482613694
5.0820068027210885 123.7652209146247
5.092006802721088 122.8788301387983
5.102006802721088 123.51229973462723
5.112006802721088 124.98230703230101
5.1220068027210885 123.09559139644679
5.132006802721088 122.9137579898576
5.142006802721088 123.42010240695603
5.152006802721088 122.28323191376377
5.162006802721088 121.6191145421371
5.172006802721088 122.51040626526188
5.182006802721088 121.59313435620686
5.192006802721088 120.96396473052974
5.202006802721088 122.26865051020553
5.212006802721088 122.492030763184
5.222006802721088 122.24883589196173
5.232006802721088 122.4553316382927
5.242006802721088 122.11025904754214
5.252006802721088 121.70881678797356
5.262006802721088 122.3275715088758
5.272006802721088 122.84711243807718
5.282006802721088 122.13487035783709
5.2920068027210885 122.25056808694848
5.302006802721088 121.6246383134802
5.312006802721088 120.93148317103667
5.322006802721088 120.70897426930658
5.3320068027210885 119.43180319973847
5.342006802721088 118.18150282233276
5.352006802721088 117.54578180861458
5.362006802721088 114.96675547197898
5.3720068027210885 116.0765877021846
5.382006802721088 115.00775664816308
5.392006802721088 118.09515381187299
5.402006802721088 117.0452734788051
5.412006802721088 119.14794402382147
5.422006802721088 119.9213940609131
5.432006802721088 119.50050791984657
5.442006802721088 117.27264761151187
5.452006802721088 116.17722871033239
5.462006802721088 116.43145507189438
5.472006802721088 115.10146993464663
5.482006802721088 115.57150419394004
5.492006802721088 116.17812217079
5.502006802721088 116.17510209282399
5.512006802721088 116.76281126006022
5.522006802721088 117.36669417997238
5.532006802721088 116.56454013449019
5.5420068027210885 117.23402274548859
5.552006802721088 117.83984677128282
5.562006802721088 117.95176642244182
5.572006802721088 118.70576943854138
5.5820068027210885 117.11066282412588
5.592006802721088 118.46703387600719
5.602006802721088 115.84589569407892
5.612006802721088 115.77202656763845
5.6220068027210885 116.09628904315333
5.632006802721088 115.7497706958505
5.642006802721088 117.28652081599685
5.652006802721088 117.19743410986814
5.662006802721088 116.54705123927356
5.672006802721088 116.3875769683063
5.682006802721088 116.66368442940032
5.692006802721088 116.36324850602381
5.702006802721088 117.67050382466647
5.712006802721088 117.17656700233604
5.722006802721088 116.59485192943278
5.732006802721088 115.97140303044496
5.742006802721088 115.76347459808449
5.752006802721088 115.47780754865927
5.762006802721088 115.56344882485168
5.772006802721088 114.8381638850732
5.782006802721088 114.69295967324479
5.7920068027210885 113.65954587817046
5.802006802721088 114.61231375161913
5.812006802721088 114.97675995284605
5.822006802721088 113.7138890914173
5.8320068027210885 114.10026236044142
5.842006802721088 113.95185301365971
5.852006802721088 114.26483736465288
5.862006802721088 114.14977088552016
5.8720068027210885 113.03928900711512
5.882006802721088 113.17438272682611
5.892006802721088 115.78226573542679
5.902006802721088 114.47811097789746
5.912006802721088 113.73197644211827
5.922006802721088 113.43855450747857
5.932006802721088 114.134049526354
5.942006802721088 114.24014675901185
5.952006802721088 115.33669152846555
5.962006802721088 115.18971657553939
5.972006802721088 113.50906400585548
5.982006802721088 112.80570995268715
5.992006802721088 112.90162926463049
6.002006802721088 112.65505628431985
6.012006802721088 113.90279113934798
6.022006802721088 114.0138978931571
6.032006802721088 113.72688695007099
6.0420068027210885 112.9881110841228
6.052006802721088 112.89943942149755
6.062006802721088 111.56308803298775
6.072006802721088 111.3520840324311
6.0820068027210885 109.89913951679807
6.092006802721088 108.08348708794216
6.102006802721088 107.54867756951259
6.112006802721088 106.56842316847893
6.1220068027210885 105.65862730938142
6.132006802721088 105.46383023980822
6.142006802721088 106.35967806664728
6.152006802721088 106.96477462379538
6.162006802721089 105.91263409619476
6.172006802721088 108.14710352706298
6.182006802721088 110.92493155615301
6.192006802721088 112.038510724514
6.202006802721088 111.60438279250684
6.212006802721088 111.65743181828927
6.222006802721088 112.59731100468953
6.232006802721088 112.74956255035505
6.242006802721088 112.86088940887582
6.252006802721088 112.25930375034842
6.262006802721088 113.21715625081467
6.272006802721088 114.5836470545344
6.282006802721088 116.93393400799233
6.2920068027210885 118.74765306522731
6.302006802721088 121.70981775124204
6.312006802721088 123.93205207874907
6.322006802721088 123.72004637583122
6.3320068027210885 122.85725636688738
6.342006802721088 121.63789389900691
6.352006802721088 121.24951895632461
6.362006802721088 122.29476491512467
6.3720068027210885 122.2238059477491
6.382006802721088 122.82707979630088
6.392006802721088 124.60551971929523
6.402006802721088 125.85931248652639
6.412006802721089 124.86835003100632
6.422006802721088 124.35702443235888
6.432006802721088 123.59927914331574
6.442006802721088 123.0876513034304
6.452006802721088 123.13746399314554
6.462006802721088 123.74902438386776
6.472006802721088 125.05441697353659
6.482006802721088 126.91693622826037
6.492006802721088 128.34557745207104
6.502006802721088 127.54365840677316
6.512006802721088 126.85017566682396
6.522006802721088 126.31855892007552
6.532006802721088 125.2085694858776
6.5420068027210885 125.33135145996961
6.552006802721088 125.50503789600371
6.562006802721088 124.68797670544284
6.572006802721088 124.73589926340433
6.5820068027210885 124.37716704507743
6.592006802721088 124.06791290971303
6.602006802721088 125.00715127446827
6.612006802721088 125.82358595067669
6.6220068027210885 126.29667574100786
6.632006802721088 127.73406994690473
6.642006802721088 129.1420579086951
6.652006802721088 130.29639748296012
6.662006802721089 133.22703661989624
6.672006802721088 134.8409217225358
6.682006802721088 136.93911503491657
6.692006802721088 137.0084578997952
6.702006802721088 137.43330100578962
6.712006802721088 137.50332276845285
6.722006802721088 137.93678790027045
6.732006802721088 137.50377308954486
6.742006802721088 136.2534483606073
6.752006802721088 134.7518664893596
6.762006802721088 133.06232238826144
6.772006802721088 132.84623333611037
6.782006802721088 131.45105002583102
6.7920068027210885 130.29412122146832
6.802006802721088 128.78255498543098
6.812006802721088 126.80903546270602
6.822006802721088 126.2340304086799
6.8320068027210885 124.1096440339835
6.842006802721088 122.53644278975456
6.852006802721088 124.67299228893192
6.862006802721088 126.16552542151135
6.8720068027210885 126.94570453109063
6.882006802721088 128.6200102755588
6.892006802721088 127.52229273913406
6.902006802721088 128.01897807699405
6.912006802721089 129.15570883191842
6.922006802721088 127.53570254992668
6.932006802721088 129.46911577096347
7.142006802721088 105.675686797399
7.152006802721088 106.3267670817574
7.182006802721088 106.83039254536222
7.192006802721088 107.12381406952302
7.212006802721088 117.50005213316273
7.222006802721088 114.63186463986911
7.282006802721088 99.09897134284803
7.2920068027210885 98.59981816742553
7.462006802721088 109.63457404603594
7.472006802721088 128.71603789986776
7.482006802721088 118.11226322996775
7.492006802721088 117.7149432476057
7.502006802721088 122.93650473760732
7.512006802721088 114.71213828100913
7.522006802721088 115.77191147208516
7.532006802721088 117.85591866073246
7.552006802721088 107.1073867993157
7.562006802721088 107.00751640620715
7.7920068027210885 105.5723332685448
7.802006802721088 105.79352421283154
7.862006802721088 112.78268217203363
7.8720068027210885 113.62124781845979
7.932006802721088 115.4841755365913
7.942006802721088 110.36384015250037
8.06200680272109 150.1063930563075
8.07200680272109 147.02183453178762
8.08200680272109 136.41597794493356
8.09200680272109 130.23923319577614
8.102006802721089 127.39378486748723
8.112006802721089 124.5771764268817
8.122006802721089 122.08560974728474
8.132006802721088 121.55995810893448
8.14200680272109 121.77221288921234
8.15200680272109 121.48398856596675
8.16200680272109 120.51264536363526
8.17200680272109 119.64279166949967
8.182006802721089 119.39538861480436
8.192006802721089 118.91128411809996
8.202006802721089 118.41099811537819
8.212006802721088 117.68702298470872
8.222006802721088 117.65638087601282
8.23200680272109 116.62009087486035
8.24200680272109 116.42980977052808
8.25200680272109 116.80155748345753
8.26200680272109 117.26519259457136
8.272006802721089 117.50841814348439
8.282006802721089 117.65263539517467
8.292006802721089 117.0872236422248
8.302006802721088 116.4577369312851
8.31200680272109 116.62932690044593
8.32200680272109 116.61879225606924
8.33200680272109 116.81282212058902
8.34200680272109 116.85740440863916
8.352006802721089 116.809615981921
8.362006802721089 116.47100473723478
8.372006802721089 115.66053459523187
8.382006802721088 115.51650950181455
8.39200680272109 116.02487588415906
8.40200680272109 115.9585330138026
8.41200680272109 117.04371355574445
8.42200680272109 118.68642961653417
8.432006802721089 117.78765983986833
8.442006802721089 117.99005409326934
8.452006802721089 117.65947189823117
8.462006802721088 117.53394428746499
8.472006802721088 117.72020353262155
8.48200680272109 117.95774305742268
8.49200680272109 118.14904268887776
8.50200680272109 116.80707641037968
8.51200680272109 117.65871940568556
8.522006802721089 120.52462110603174
8.532006802721089 120.84695134052235
8.542006802721089 121.12267959987696
8.552006802721088 121.66648404384901
8.56200680272109 121.27363418646716
8.57200680272109 119.6477824471525
8.58200680272109 118.029640142507
8.59200680272109 116.3631566872586
8.602006802721089 116.35226651708776
8.612006802721089 116.87293572090282
8.622006802721089 118.00486348376825
8.632006802721088 119.4627052775917
8.64200680272109 119.45422189249409
8.65200680272109 119.2542928699152
8.66200680272109 118.45692456498314
8.67200680272109 119.77483367097531
8.682006802721089 119.76912782672001
8.692006802721089 118.39994303676066
8.702006802721089 119.11200124964874
8.712006802721088 118.64665329480925
8.72200680272109 118.71444865004298
8.73200680272109 120.30068550097891
8.74200680272109 121.0224587996858
8.75200680272109 120.99500410400958
8.76200680272109 121.4403530834409
8.772006802721089 122.31680535749115
8.782006802721089 123.41334200201233
8.792006802721089 121.96378132689907
8.802006802721088 121.815289984497
8.81200680272109 123.17417254638323
8.82200680272109 122.19982300560694
8.83200680272109 122.2304507530682
8.84200680272109 122.09784959273792
8.852006802721089 122.28207961449948
8.862006802721089 122.26023090921016
8.872006802721089 122.77051262267848
8.882006802721088 122.53631736077593
8.89200680272109 121.99064296407514
8.90200680272109 122.24377921171495
8.91200680272109 121.71171990421395
8.92200680272109 121.37343385219738
8.932006802721089 118.0017194367476
8.942006802721089 118.81130510345123
8.952006802721089 118.72476814502086
8.962006802721088 118.6874902329397
8.97200680272109 118.88321596611289
8.98200680272109 117.48872744104303
8.99200680272109 118.66809963028625
9.00200680272109 117.98877340124774
9.01200680272109 115.32352049094835
9.022006802721089 115.46088102026022
9.032006802721089 115.1800514366481
9.042006802721089 113.43201359187051
9.052006802721088 113.43939486220806
9.06200680272109 114.81980531021422
9.07200680272109 115.99409181286576
9.08200680272109 114.7246989775084
9.09200680272109 114.67751180816009
9.102006802721089 114.13909987743156
9.112006802721089 113.88061037687153
9.122006802721089 112.80823104105292
9.132006802721088 110.9653848896077
9.14200680272109 110.00731813634724
9.15200680272109 110.7016575145575
9.16200680272109 111.81541904994488
9.17200680272109 111.2089734097075
9.182006802721089 110.13639008816415
9.192006802721089 107.3948220202496
9.202006802721089 108.25111091722816
9.212006802721088 108.72970465584231
9.22200680272109 108.26569783247247
9.23200680272109 108.49362213575981
9.24200680272109 109.5265391791123
9.25200680272109 109.57007309521028
9.26200680272109 109.46069642342901
9.272006802721089 110.68595509361074
9.282006802721089 110.61604380436826
9.292006802721089 107.20264746968293
9.302006802721088 106.34805759823948
9.31200680272109 106.0519359442775
9.32200680272109 105.63615384268668
9.33200680272109 105.99227552707035
9.34200680272109 106.29347422409244
9.352006802721089 105.06786965009158
9.362006802721089 104.31403642727359
9.372006802721089 104.62755641230585
9.382006802721088 104.5093273276295
9.39200680272109 104.50809376015833
9.40200680272109 105.53531698975645
9.41200680272109 104.03912044379518
9.42200680272109 103.97355031581931
9.432006802721089 105.12018427209453
9.442006802721089 104.77317681775865
9.452006802721089 103.61426558544439
9.462006802721088 104.2313908903727
9.47200680272109 103.80570000630625
9.48200680272109 105.06305396867218
9.49200680272109 105.2795673650409
9.50200680272109 104.78510995576126
9.51200680272109 107.48995901620503
9.522006802721089 107.0097877038246
9.532006802721089 109.27918730116498
9.542006802721089 109.55970157919512
9.552006802721088 107.82553861322606
9.56200680272109 107.90107193472055
9.57200680272109 106.61238863723287
9.58200680272109 107.64528414229935
9.59200680272109 108.449624647256
9.602006802721089 108.57481444176696
9.612006802721089 109.50561361056319
9.622006802721089 109.21818674614853
9.632006802721088 109.18352716434751
9.64200680272109 107.64345500244234
9.65200680272109 107.11257563364714
9.66200680272109 105.82116119870469
9.67200680272109 106.10760182724337
9.682006802721089 106.21786057180647
9.692006802721089 105.32238716373367
9.702006802721089 106.59571817989259
9.712006802721088 107.28595850720505
9.72200680272109 106.95880835048415
9.73200680272109 106.65816137598851
9.74200680272109 105.87978230065451
9.75200680272109 106.14542764776358
9.76200680272109 105.79495319669175
9.772006802721089 105.75193549274319
9.782006802721089 106.51314110300491
9.792006802721089 106.65551230965947
9.802006802721088 107.13047416169402
9.81200680272109 107.13919978954408
9.82200680272109 106.95323638749132
9.83200680272109 106.09250621260303
9.84200680272109 104.1521858444205
9.852006802721089 104.87575788706579
9.862006802721089 104.51063677023637
9.872006802721089 101.73321520005386
9.882006802721088 101.69320048806364
9.89200680272109 101.3438970497512
9.90200680272109 100.77189022602552
9.91200680272109 101.23853079697456
9.92200680272109 100.59601054719761
9.932006802721089 100.22913945260908
9.942006802721089 100.13434197759308
9.952006802721089 99.71276624451224
9.962006802721088 97.27978135174973
9.97200680272109 97.84395572528028
9.98200680272109 98.62113997014225
9.99200680272109 99.1862556871056
10.00200680272109 100.10871788532516
10.01200680272109 104.30218065843476
10.022006802721089 110.93591141835726
10.032006802721089 113.50106756543983
10.042006802721088 114.14728334750636
10.052006802721088 118.07490962475654
10.06200680272109 120.74878069143311
10.07200680272109 123.58687279388631
10.08200680272109 125.37635529966934
10.09200680272109 126.18474953558847
10.102006802721089 126.77082188642497
10.112006802721089 128.11362793105968
10.122006802721089 126.96948044608615
10.132006802721088 125.89905429228604
10.14200680272109 123.67136340108726
10.15200680272109 122.27641503182208
10.16200680272109 122.3887990674705
10.17200680272109 122.65326177232286
10.182006802721089 123.22170791792806
10.192006802721089 124.01048520616406
10.202006802721089 124.5645732705769
10.212006802721088 123.86577671846497
10.22200680272109 122.8650529134043
10.23200680272109 121.98866418749127
10.24200680272109 121.80594775715541
10.25200680272109 122.03552880362192
10.26200680272109 121.81624636158796
10.272006802721089 122.26035114257029
10.282006802721089 123.4109598457363
10.292006802721088 124.33627903238971
10.302006802721088 125.27479268724507
10.31200680272109 126.74460654249808
10.32200680272109 127.08745921527297
10.33200680272109 127.94058493032446
10.34200680272109 125.36015029338367
10.352006802721089 125.22500410048379
10.362006802721089 124.34139194907922
10.372006802721089 124.74322458818763
10.382006802721088 124.42224294274965
10.39200680272109 125.36855563530229
10.40200680272109 125.35101048232184
10.41200680272109 126.31587964169847
10.42200680272109 126.96056161853332
10.432006802721089 125.61875341228115
10.442006802721089 124.53529389787116
10.452006802721089 124.67711355095153
10.462006802721088 124.00075927667362
10.47200680272109 124.41921587230733
10.48200680272109 125.73941377548675
10.49200680272109 124.93374860616255
10.50200680272109 125.9568600064753
10.51200680272109 129.07926560845257
10.522006802721089 130.7462330504417
10.532006802721089 133.48367822777567
10.542006802721088 134.85530928130478
10.552006802721088 136.07113831242646
10.56200680272109 136.30782005364856
10.57200680272109 132.86729159929502
10.58200680272109 131.7950226116103
10.59200680272109 130.5748121782454
10.602006802721089 129.99987424611732
10.612006802721089 127.47108862381481
10.622006802721089 127.83229661113067
10.632006802721088 133.0575017615378
10.64200680272109 133.81878627185003
10.65200680272109 135.65416216156157
10.66200680272109 138.45006651336288
10.67200680272109 137.25301937848323
10.682006802721089 138.52955708687173
10.692006802721089 140.00879860652748
10.702006802721089 139.1551149280185
10.712006802721088 137.09700377623662
10.72200680272109 137.28839419406773
11.192006802721089 115.19658139278182
11.202006802721089 114.2520075149238
11.532006802721089 163.12287650708606
11.542006802721088 146.53215229137083
11.552006802721088 143.5837964792956
11.56200680272109 134.6831112930844
11.57200680272109 133.55846261982097
11.58200680272109 125.61695024746761
11.59200680272109 125.57371040287462
11.602006802721089 124.69083129590815
11.612006802721089 125.13766396387707
11.622006802721089 123.13752807816132
11.632006802721088 122.15562601353774
11.64200680272109 122.58436099899451
11.65200680272109 122.98501939808136
11.66200680272109 121.87958651890509
11.67200680272109 120.79812380302059
11.682006802721089 118.69044439437778
11.692006802721089 120.23038093778943
11.702006802721089 120.3964167830096
11.712006802721088 119.26974261444934
11.72200680272109 119.21265444125179
11.73200680272109 118.49383764693933
11.74200680272109 118.35809716945424
11.75200680272109 118.01365686571509
11.76200680272109 118.34058474574283
11.772006802721089 119.35610470221104
11.782006802721089 119.79336384430579
11.792006802721088 119.09896442693065
11.802006802721088 119.6967853782335
11.81200680272109 119.25445274813093
11.82200680272109 118.9151422981491
11.83200680272109 119.44704552749558
11.84200680272109 120.30618027616947
11.852006802721089 121.31646620094767
11.862006802721089 121.57937567442471
11.872006802721089 121.62116090922316
11.882006802721088 120.85398849137337
11.89200680272109 119.8576624623634
11.90200680272109 119.03047138238482
11.91200680272109 118.49889425684212
11.92200680272109 117.88403672751699
11.932006802721089 117.1665505771124
11.942006802721089 116.71298443051542
11.952006802721089 117.2894609577757
11.962006802721088 118.56889031388788
11.97200680272109 119.20997642854583
11.98200680272109 121.48111628667867
11.99200680272109 121.81141714462895
12.00200680272109 123.04078357132627
12.01200680272109 123.39909876218033
12.022006802721089 122.61064948863175
12.032006802721089 123.52251165337891
12.042006802721088 122.67634874155385
12.05200680272109 122.22117090785316
12.06200680272109 123.17301504409747
12.07200680272109 124.19414100237232
12.08200680272109 124.64115144632123
12.09200680272109 126.03036822215047
12.102006802721089 127.42751659122563
12.112006802721089 126.83202022471673
12.122006802721089 127.47683255392305
12.132006802721088 126.84805713021582
12.14200680272109 126.10502662420102
12.15200680272109 125.06454372254244
12.16200680272109 123.59227420194281
12.17200680272109 122.95933198022551
12.182006802721089 122.65741329691127
12.192006802721089 121.73359919740767
12.202006802721089 120.71882805461414
12.212006802721088 120.59908618647862
12.22200680272109 121.38803246740156
12.23200680272109 120.69174688485496
12.24200680272109 120.4959688590124
12.25200680272109 123.37559919627208
12.26200680272109 126.66986557846188
12.272006802721089 125.77562787628905
12.282006802721089 111.98240250600352
12.292006802721088 114.40890715250887
12.30200680272109 117.41589710626833
12.31200680272109 114.89843010762439
12.32200680272109 112.5488197758372
12.33200680272109 111.76273221553002
12.34200680272109 113.5216993559062
12.352006802721089 114.07825908494345
12.362006802721089 112.37841767788075
12.432006802721089 109.48847877244864
12.442006802721089 109.49987584043863
12.452006802721089 109.53145044982215
12.462006802721088 109.97388861235387
12.47200680272109 109.64811432884527
12.48200680272109 110.31206219890461
12.49200680272109 112.0061940009697
12.50200680272109 110.67191705355408
12.51200680272109 109.59668326705305
12.522006802721089 106.89803158478524
12.532006802721089 106.94555019005232
12.542006802721088 107.888265013103
12.55200680272109 106.73750521339625
12.56200680272109 107.6470098009008
12.57200680272109 107.5500518622816
12.58200680272109 107.04324542731982
12.59200680272109 106.90604090508249
12.602006802721089 105.35059217080472
12.612006802721089 104.46194771455279
12.622006802721089 105.71402618618932
12.632006802721088 105.04834774848057
12.64200680272109 105.46429411614898
12.65200680272109 105.74930260626347
12.66200680272109 103.33028096577914
12.67200680272109 105.55572871036573
12.682006802721089 104.0664980200136
12.692006802721089 103.93698461581525
12.702006802721089 106.62504143944176
12.712006802721088 106.33261177636433
12.72200680272109 104.34979736355145
12.73200680272109 103.92340525649918
12.74200680272109 103.96010978416655
12.75200680272109 105.18517216792718
12.76200680272109 105.0363398470153
12.772006802721089 104.33330341938827
12.782006802721089 107.27934857148011
12.792006802721088 107.58848624986477
12.80200680272109 107.97773243008336
12.81200680272109 106.72781571379043
12.82200680272109 102.77372182701372
12.83200680272109 102.35797201056087
12.84200680272109 101.62826646519245
12.852006802721089 101.73147090469321
12.862006802721089 100.97433667235609
12.872006802721089 100.9619092652193
12.882006802721088 101.45291526305594
12.89200680272109 100.83563050572863
12.90200680272109 98.92462574005198
12.91200680272109 97.864464705941
12.92200680272109 98.18923861619203
12.932006802721089 98.78745012281735
12.942006802721089 99.14409849775146
12.952006802721089 98.28936733168125
12.962006802721088 98.0784674885871
12.97200680272109 100.1033420565411
12.98200680272109 100.01896370776399
12.99200680272109 102.02347334859103
13.00200680272109 103.00555362453568
13.01200680272109 104.66253910060605
13.022006802721089 108.21826509608933
13.032006802721089 108.47499166867044
13.042006802721088 111.31260322557932
13.05200680272109 111.09792787992185
13.06200680272109 113.31706965416159
13.07200680272109 115.65605949367242
13.08200680272109 118.45067118476814
13.09200680272109 119.86585828874621
13.102006802721089 122.95680989081781
13.112006802721089 123.5346934750229
13.122006802721089 123.38792654421533
13.132006802721088 121.8047287959125
13.14200680272109 120.57313374710608
13.15200680272109 119.99002900632209
13.16200680272109 118.93324612263419
13.17200680272109 119.38693709542264
13.182006802721089 119.2912739702472
13.192006802721089 121.19672258522974
13.202006802721089 120.81333519692953
13.212006802721088 122.54779657248807
13.22200680272109 122.63985290356106
13.23200680272109 122.80343824303674
13.24200680272109 124.01535530361468
13.25200680272109 125.40496911303752
13.26200680272109 125.27317013001415
13.272006802721089 125.92405261110353
13.282006802721089 127.11415763024918
13.292006802721088 127.33956535464687
13.30200680272109 126.92024814999702
13.31200680272109 123.61425176825921
13.32200680272109 110.57903507945818
13.33200680272109 94.32774611161018
13.34200680272109 96.0653220570447
