0.14173469387755233 138.22866479736547
0.15173469387755234 135.47763705661743
0.16173469387755235 133.95445423780717
0.17173469387755233 132.48502610020378
0.18173469387755234 131.33311547844735
0.19173469387755235 130.58654464666003
0.20173469387755233 129.29815653630777
0.21173469387755234 128.6209640044645
0.22173469387755235 128.8721098608395
0.23173469387755233 128.66277038526238
0.24173469387755234 127.96441911214144
0.2517346938775523 127.7621383681864
0.2617346938775523 127.04579489062137
0.27173469387755234 127.24796999557363
0.28173469387755234 127.18122002315826
0.29173469387755235 126.78358125558049
0.30173469387755236 126.52984693455379
0.3117346938775523 125.56254905269628
0.3217346938775523 126.02308733640943
0.33173469387755233 125.50148359812592
0.34173469387755234 125.53320429671301
0.35173469387755235 125.60850611799496
0.36173469387755236 125.23088542353803
0.37173469387755237 125.26061133524755
0.3817346938775523 124.89115779701933
0.39173469387755233 125.54575365629633
0.40173469387755234 125.65861850041772
0.41173469387755235 125.93791061203221
0.42173469387755236 125.88370339325448
0.43173469387755237 126.32930891580736
0.4417346938775523 126.63937227179045
0.45173469387755233 127.20687960999737
0.46173469387755234 127.95215377954108
0.47173469387755235 128.2221867625739
0.48173469387755236 128.57879652060416
0.49173469387755236 129.21136302062388
0.5017346938775523 129.56399476070183
0.5117346938775523 129.3811080943071
0.5217346938775523 129.51777701650283
0.5317346938775523 129.39780411679143
0.5417346938775524 129.3907428323667
0.5517346938775524 129.104652469843
0.5617346938775524 128.8962047775735
0.5717346938775524 128.81337642606752
0.5817346938775524 128.19678114147433
0.5917346938775524 128.56599454503922
0.6017346938775523 128.46727896721833
0.6117346938775523 128.54328462868764
0.6217346938775523 128.77018129868702
0.6317346938775523 128.83141181469227
0.6417346938775523 129.31675970421315
0.6517346938775523 129.63026389137016
0.6617346938775524 129.74585042883126
0.6717346938775524 129.73065933821923
0.6817346938775524 129.44300388554308
0.6917346938775524 129.29369937598454
0.7017346938775524 129.61838942381922
0.7117346938775524 129.20656336535924
0.7217346938775524 129.3228648036172
0.7317346938775523 129.06064989217697
0.7417346938775523 128.4095745174945
0.7517346938775523 128.24670011870114
0.7617346938775523 128.46290022123964
0.7717346938775523 128.37224315011244
0.7817346938775523 128.05905986491788
0.7917346938775524 128.11905126717056
0.8017346938775524 127.7917107634064
0.8117346938775524 127.85275780208234
0.8217346938775524 127.93790865703387
0.8317346938775524 128.20770244631203
0.8417346938775524 128.2846960099179
0.8517346938775524 128.4185369764427
0.8617346938775523 128.57357455417122
0.8717346938775523 128.5981862088917
0.8817346938775523 129.05100978492942
0.8917346938775523 128.81013810576547
0.9017346938775523 129.08783551413867
0.9117346938775524 129.26355192046208
0.9217346938775524 129.0767097610714
0.9317346938775524 128.82747360310518
0.9417346938775524 128.86421784962334
0.9517346938775524 128.7375449199766
0.9617346938775524 128.91598441756938
0.9717346938775524 129.08764379540682
0.9817346938775523 129.23512242075682
0.9917346938775523 129.00788218101098
1.0017346938775522 128.8800571781987
1.0117346938775522 129.305130475016
1.0217346938775522 129.10392332483337
1.0317346938775522 128.12421981568323
1.0417346938775522 127.39419161447657
1.0517346938775523 125.82535493440129
1.0617346938775523 124.03627618427609
1.0717346938775523 121.56024498361403
1.0817346938775523 118.26559321057681
1.0917346938775523 114.54154034937446
1.1017346938775523 110.247569240837
1.1117346938775523 107.00490425208507
1.1217346938775523 104.49218441649528
1.1317346938775523 102.74888477051469
1.1417346938775523 102.43568365016122
1.1517346938775523 101.72240374960907
1.1617346938775523 101.00528442506013
1.1717346938775524 100.85020155795402
1.1817346938775521 100.72220314836851
1.1917346938775522 101.28861965110804
1.2017346938775522 101.85796252750957
1.2117346938775522 101.30213427016771
1.2217346938775522 101.68497363382077
1.2317346938775522 102.30683119598109
1.2417346938775522 103.26715748799153
1.2517346938775522 102.67111099564386
1.2617346938775522 103.10434909618691
1.2717346938775522 104.06961612281962
1.2817346938775522 105.0404119764346
1.2917346938775522 105.10356044446934
1.3017346938775523 105.12160468490849
1.3117346938775523 106.21924913860943
1.3217346938775523 106.80955759056458
1.3317346938775523 106.7390926590888
1.3417346938775523 106.30521844765293
1.3517346938775523 106.4250958710722
1.3617346938775523 108.01734379815626
1.3717346938775523 108.25051243221031
1.3817346938775523 106.89186378092191
1.3917346938775523 107.86247151013372
1.4017346938775523 108.79637132694198
1.4117346938775523 108.60488573990354
1.4217346938775524 107.50285492681395
1.4317346938775521 107.67208640607554
1.4417346938775522 107.20403183744288
1.4517346938775522 107.30331954189614
1.4617346938775522 107.74524530225003
1.4717346938775522 107.06035172341848
1.4817346938775522 107.24549536587357
1.4917346938775522 107.60266461593181
1.5017346938775522 106.84673342226745
1.5117346938775522 107.34990186139468
1.5217346938775522 106.7548642965213
1.5317346938775522 106.18455189099171
1.5417346938775522 105.99074903199082
1.5517346938775523 106.1087926048764
1.5617346938775523 106.07094456399977
1.5717346938775523 105.73030245234335
1.5817346938775523 105.07973419455372
1.5917346938775523 105.16170423322578
1.6017346938775523 105.61788478158556
1.6117346938775523 105.51780403462216
1.6217346938775523 104.91274378321792
1.6317346938775523 104.4917678304599
1.6417346938775523 104.52540889736927
1.6517346938775523 104.63026386158742
1.6617346938775523 104.7250720152104
1.6717346938775524 104.86956524038388
1.6817346938775524 104.73954007082685
1.6917346938775522 104.84379363556621
1.7017346938775522 105.00745979877344
1.7117346938775522 105.32929754179501
1.7217346938775522 104.57942625614119
1.7317346938775522 104.33749058861228
1.7417346938775522 104.46469828227004
1.7517346938775522 103.82164171535655
1.7617346938775522 103.25153256790377
1.7717346938775522 103.86843472799994
1.7817346938775522 103.69734592285914
1.7917346938775522 104.21950824795402
1.8017346938775523 105.19467167901591
1.8117346938775523 105.28026639497332
1.8217346938775523 104.9494789322614
1.8317346938775523 105.48664107024914
1.8417346938775523 105.77624344191582
1.8517346938775523 106.18961899978306
1.8617346938775523 106.62754050173665
1.8717346938775523 106.27760867934464
1.8817346938775523 106.08500860788085
1.8917346938775523 106.37694126304311
1.9017346938775523 106.50773428371389
1.9117346938775523 106.50996803174314
1.9217346938775524 106.41981938860273
1.9317346938775524 105.94202384650687
1.9417346938775522 105.73588310274289
1.9517346938775522 105.20655421141795
1.9617346938775522 105.64710681185143
1.9717346938775522 105.94251339138916
1.9817346938775522 106.14735493550697
1.9917346938775522 105.9679402349045
2.001734693877552 105.93737239380998
2.0117346938775524 105.8964510957704
2.0217346938775522 105.66712508886901
2.0317346938775525 105.69928387558842
2.0417346938775522 105.9941394636494
2.0517346938775525 106.08106212652821
2.0617346938775523 105.59578938455533
2.071734693877552 106.84745674999611
2.0817346938775523 106.51934953938866
2.091734693877552 107.12276392312229
2.1017346938775523 106.87867589568242
2.111734693877552 107.87233798340606
2.1217346938775523 108.27264080131692
2.131734693877552 109.54862922880015
2.1417346938775523 110.4535165049121
2.151734693877552 110.73329958868595
2.1617346938775523 114.02653711635637
2.171734693877552 116.54379190939004
2.1817346938775524 119.22150499765377
2.191734693877552 121.64384329592046
2.2017346938775524 124.0801269103722
2.211734693877552 126.42890580134492
2.2217346938775524 127.78926734492336
2.231734693877552 129.25150939361632
2.2417346938775524 129.87213260955303
2.251734693877552 130.630657485284
2.2617346938775524 131.22398630811276
2.2717346938775522 131.3181784844137
2.2817346938775525 131.09436993793773
2.2917346938775522 130.10292703173107
2.3017346938775525 129.6746468640239
2.3117346938775523 129.351000019514
2.3217346938775525 128.94471486572107
2.3317346938775523 128.34272247474644
2.341734693877552 127.97998141286074
2.3517346938775523 127.77466517006923
2.361734693877552 127.71181754099116
2.3717346938775523 127.43530625691297
2.381734693877552 127.19414903016704
2.3917346938775523 126.85484079515437
2.401734693877552 126.68555324828831
2.4117346938775523 126.26109574360243
2.421734693877552 126.067763966719
2.4317346938775524 125.9489266284625
2.441734693877552 125.93217680948078
2.4517346938775524 125.7068992998576
2.461734693877552 125.42904148531271
2.4717346938775524 125.12634827727592
2.481734693877552 125.21938738950958
2.4917346938775524 125.37099216344154
2.501734693877552 125.32176991122657
2.5117346938775524 125.37047025492039
2.5217346938775522 125.67521112321565
2.5317346938775525 125.53578527138598
2.5417346938775522 125.73885934820795
2.5517346938775525 125.91648408127716
2.5617346938775523 126.03588385454648
2.5717346938775525 126.21995669704677
2.5817346938775523 126.12635063606803
2.591734693877552 126.14464323873005
2.6017346938775523 126.41258821460927
2.611734693877552 126.69067551408739
2.6217346938775523 126.67973183267456
2.631734693877552 126.34410817630375
2.6417346938775523 126.27495880456152
2.651734693877552 126.41393678739337
2.6617346938775523 126.35620891232891
2.671734693877552 126.31186782032484
2.6817346938775524 126.72075066269728
2.691734693877552 126.82310533556709
2.7017346938775524 127.05164514433854
2.711734693877552 127.36108407357005
2.7217346938775524 127.62603597483754
2.731734693877552 127.99427662257119
2.7417346938775524 128.20235717456973
2.751734693877552 128.46181528506938
2.7617346938775524 128.6093128324315
2.7717346938775522 128.61408576870696
2.7817346938775525 128.75052232808915
2.7917346938775522 128.80127612184265
2.8017346938775525 128.81294968403313
2.8117346938775523 129.15946082805587
2.8217346938775525 129.23107983082988
2.8317346938775523 129.1256606188639
2.841734693877552 129.20200244282486
2.8517346938775523 129.06567606749636
2.861734693877552 128.49389687158518
2.8717346938775523 128.43499100916924
2.881734693877552 128.37772079349935
2.8917346938775523 128.34629222303374
2.901734693877552 128.19089621897115
2.9117346938775523 128.03755062919618
2.921734693877552 127.88026299417926
2.9317346938775524 127.80179404528646
2.941734693877552 128.04923112711032
2.9517346938775524 128.2900662806979
2.961734693877552 128.04094580362548
2.9717346938775524 128.1794423532187
2.981734693877552 127.8974538958882
2.9917346938775524 127.91451675322686
3.001734693877552 127.90356704384762
3.0117346938775524 127.97253955034282
3.0217346938775522 127.77957113176521
3.0317346938775525 127.81607262423134
3.0417346938775522 127.92796125712192
3.0517346938775525 127.90796473653224
3.0617346938775523 127.8372770891396
3.0717346938775525 127.79044052297945
3.0817346938775523 127.7383783195897
3.0917346938775525 127.7955883895433
3.1017346938775523 127.4312492937271
3.111734693877552 127.29071042848304
3.1217346938775523 127.30843445997408
3.131734693877552 127.52504305147679
3.1417346938775523 128.2780575920032
3.151734693877552 129.278273160538
3.1617346938775523 130.77285361691509
3.171734693877552 129.28536747242038
3.1817346938775524 129.33167438809218
3.191734693877552 129.58061843221077
3.2017346938775524 129.18578400042017
3.211734693877552 129.09841142604958
3.2217346938775524 132.08451705410945
4.181734693877552 127.189856048847
4.191734693877552 126.33579925578559
4.201734693877552 123.73503347575017
4.211734693877553 121.82161129055456
4.221734693877552 120.44122791731961
4.231734693877552 122.2049999976156
4.241734693877552 123.00579468820595
4.251734693877553 123.59360675272849
4.261734693877552 123.74434339293647
4.271734693877552 124.20032098454175
4.281734693877552 124.33729036480446
4.291734693877553 124.16382864087207
4.3017346938775525 123.48415707392105
4.311734693877552 123.3242178006691
4.321734693877552 123.80906113904365
4.331734693877553 124.24184395778612
4.3417346938775525 124.70259000684229
4.351734693877552 124.85669532331714
4.361734693877552 124.44478025940923
4.371734693877553 123.94525781831065
4.3817346938775525 124.24486828269437
4.391734693877552 123.79215148762276
4.401734693877552 123.17755690486285
4.411734693877552 123.03271704772165
4.421734693877553 123.23700315737184
4.431734693877552 123.07336135375719
4.441734693877552 123.8805597129296
4.451734693877552 124.14369015448936
4.461734693877553 124.05262431449665
4.471734693877552 123.68392165373268
4.481734693877552 124.01384558648039
4.491734693877552 124.25352302145083
4.501734693877553 124.0714294949505
4.511734693877552 123.64341548871282
4.521734693877552 123.880457084778
4.531734693877552 124.13600002946201
4.541734693877553 124.00165432333823
4.5517346938775525 123.38111926592218
4.561734693877552 123.79254574837385
4.571734693877552 124.17358105631
4.581734693877553 124.36336364215481
4.5917346938775525 124.33871888222845
4.601734693877552 125.03420597304469
4.611734693877552 125.43956506081115
4.621734693877553 125.85844433033881
4.6317346938775525 126.10632551921141
4.641734693877552 126.52554736254048
4.651734693877552 126.27573294845874
4.661734693877552 125.85947127978488
4.671734693877553 125.90420225854311
4.681734693877552 125.70954253984912
4.691734693877552 125.66944592999695
4.701734693877552 125.68879581743184
4.711734693877553 125.54771570501262
4.721734693877552 125.35800832429034
4.731734693877552 124.95601571577573
4.741734693877552 125.18327870061013
4.751734693877553 125.57804720336294
4.761734693877552 125.52234783008846
4.771734693877552 125.60218909239761
4.781734693877552 125.25714655177748
4.791734693877553 125.20265400078159
4.8017346938775525 125.34735676808191
4.811734693877552 125.73353073670961
4.821734693877552 125.73188519511632
4.831734693877553 125.99897467826628
4.8417346938775525 126.05259156709249
4.851734693877552 125.67217196838166
4.861734693877552 125.6295374867076
4.871734693877553 125.49364431464454
4.8817346938775525 125.29391633361676
4.891734693877552 125.35545485127702
4.901734693877552 124.92247921756433
4.911734693877552 124.84078569231436
4.921734693877553 124.85637065395898
4.931734693877552 124.76233128394615
4.941734693877552 124.52361730231476
4.951734693877552 124.42532383922703
4.961734693877553 124.55457271290457
4.971734693877552 124.89030840917019
4.981734693877552 124.91255349873909
4.991734693877552 125.19735218175451
5.001734693877553 125.7583466415911
5.011734693877552 125.6381726167452
5.021734693877552 125.91700680838598
5.031734693877552 125.65800470619811
5.041734693877553 124.79936529794992
5.0517346938775525 123.64581917268546
5.061734693877552 121.18158314687574
5.071734693877552 117.32821167530027
5.081734693877553 113.17682746135387
5.0917346938775525 109.87133970443203
5.101734693877552 107.77574414592083
5.111734693877552 107.27723583813564
5.121734693877553 103.80497831346995
5.1317346938775525 102.9201073991486
5.141734693877552 102.88387769555884
5.151734693877552 103.640376752675
5.161734693877552 103.31603043946994
5.171734693877553 102.60506483228335
5.181734693877552 102.28338142170607
5.191734693877552 102.89561844517553
5.201734693877552 103.34084990916955
5.211734693877553 103.0135484625819
5.221734693877552 103.71113410837691
5.231734693877552 104.40651170158215
5.241734693877552 104.41633329151104
5.251734693877553 104.67233638650687
5.261734693877552 105.1714881002406
5.271734693877552 104.93668147572542
5.281734693877552 105.32299654574317
5.291734693877553 105.32465536549807
5.3017346938775525 105.20715422912393
5.311734693877552 105.22409522383397
5.321734693877552 104.74581183565205
5.331734693877553 104.39501914399489
5.3417346938775525 104.58979530817712
5.351734693877552 104.59563768880294
5.361734693877552 104.35093191624082
5.371734693877553 105.33218608679124
5.3817346938775525 105.18666161610973
5.391734693877552 104.58343849333559
5.401734693877552 104.60204074926699
5.411734693877552 105.18903128056263
5.421734693877553 105.08476577566051
5.431734693877552 104.41443268633094
5.441734693877552 105.36610291155387
5.451734693877552 105.11919538534822
5.461734693877553 105.53884325310413
5.471734693877552 105.74772628151835
5.481734693877552 105.4741088743764
5.491734693877552 105.16215414662553
5.501734693877553 104.61461296241065
5.511734693877552 104.8521923311323
5.521734693877552 104.48260242621419
5.531734693877552 104.75253468652917
5.541734693877553 104.46254852370018
5.5517346938775525 104.27935419555511
5.561734693877552 104.81904249370339
5.571734693877552 105.02658521704619
5.581734693877553 104.49698544090312
5.5917346938775525 104.11203542049911
5.601734693877552 103.2116265311434
5.611734693877552 103.74280045008528
5.621734693877553 104.2033444935475
5.6317346938775525 104.7827610257296
5.641734693877552 104.12120717830216
5.651734693877552 104.2005833190862
5.661734693877552 104.13899423225038
5.671734693877553 103.84037914582383
5.681734693877552 104.00756613182429
5.691734693877552 104.02140072823485
5.701734693877552 104.55154278222793
5.711734693877553 105.06520865214439
5.721734693877552 105.13958717004715
5.731734693877552 105.48506400172678
5.741734693877552 104.6896452434378
5.751734693877553 105.21725006819487
5.761734693877552 104.79252782356738
5.771734693877552 105.26380253933587
5.781734693877552 105.12358571866672
5.791734693877553 104.937825566977
5.8017346938775525 104.5729848250109
5.811734693877552 105.25083766400057
5.821734693877552 105.15024616465726
5.831734693877553 104.74600082298129
5.8417346938775525 104.63384057321478
5.851734693877552 104.72016465274864
5.861734693877552 104.77636459557155
5.871734693877553 103.54518153721614
5.8817346938775525 105.59713439541011
5.891734693877552 105.40669689195477
5.901734693877552 106.19312468444244
5.911734693877552 106.02267533234284
5.921734693877553 106.49249391519162
5.931734693877552 106.3767570419947
5.941734693877552 106.80242154288324
5.951734693877552 106.80041979610513
5.961734693877553 107.22823761819454
5.971734693877552 107.42288996006523
5.981734693877552 107.18723316747617
5.991734693877552 107.63135280646
6.001734693877553 107.50006673889976
6.011734693877552 107.5638591656931
6.021734693877552 107.35312341438679
6.031734693877552 108.15356191189798
6.041734693877553 109.62259243778537
6.0517346938775525 110.6081093193543
6.061734693877552 111.06776549858412
6.071734693877552 113.66463448689326
6.081734693877553 114.95912968055785
6.0917346938775525 117.6525586843075
6.101734693877552 119.31122048786602
6.111734693877552 122.1992737240167
6.121734693877553 125.17057504257431
6.1317346938775525 126.79272169215194
6.141734693877552 129.11173273546942
6.151734693877552 129.60839024981294
6.161734693877553 130.53009320445946
6.171734693877553 130.7864123541707
6.181734693877552 130.88732440766213
6.191734693877552 131.380472779878
6.201734693877552 131.57258629843878
6.211734693877553 131.1820130249485
6.221734693877552 130.84548749774063
6.231734693877552 130.5232673926273
6.241734693877552 130.35912105155307
6.251734693877553 129.99022212221612
6.261734693877552 129.78464592645244
6.271734693877552 129.2648475083846
6.281734693877552 128.59089575370444
6.291734693877553 128.25529639898124
6.3017346938775525 128.23307789599073
6.311734693877552 127.90289138751731
6.321734693877552 127.64436823979594
6.331734693877553 127.63287552180101
6.3417346938775525 127.38283215953862
6.351734693877552 127.08141636711908
6.361734693877552 126.68463458424972
6.371734693877553 126.35571401861759
6.3817346938775525 126.06891275123819
6.391734693877552 126.19805999038246
6.401734693877552 126.18116952623407
6.411734693877553 126.54631835675491
6.421734693877553 126.61915030599656
6.431734693877552 126.55082969968548
6.441734693877552 126.39887187773267
6.451734693877552 126.2652114115869
6.461734693877553 126.03992353135197
6.471734693877552 125.85776282304951
6.481734693877552 126.12943043398678
6.491734693877552 126.15055842931518
6.501734693877553 126.06764233265456
6.511734693877552 126.36566219783799
6.521734693877552 126.61344117336189
6.531734693877552 126.37822063965864
6.541734693877553 125.92916186064659
6.5517346938775525 125.71511688231946
6.561734693877552 125.45914756031348
6.571734693877552 125.0984570181277
6.581734693877553 125.02524553411277
6.5917346938775525 125.24420048326085
6.601734693877552 125.45774191804789
6.611734693877552 125.83648986457749
6.621734693877553 126.1492978623741
6.6317346938775525 126.64927832991869
6.641734693877552 127.10243713958423
6.651734693877552 127.23983968816422
6.661734693877553 127.37515088004751
6.671734693877553 127.1544421670339
6.681734693877552 127.06402810494258
6.691734693877552 126.92020594119165
6.701734693877552 126.74220530443236
6.711734693877553 126.66415051333418
6.721734693877552 126.38413011705765
6.731734693877552 126.0872849121026
6.741734693877552 126.13549807650246
6.751734693877553 126.21685302704626
6.761734693877552 126.39788913913546
6.771734693877552 126.56389979423417
6.781734693877552 126.52609017531479
6.791734693877553 126.29402047255951
6.8017346938775525 126.54224455050506
6.811734693877552 126.74105159977269
6.821734693877552 126.93857510296601
6.831734693877553 126.91683383054084
6.8417346938775525 127.0073873626561
6.851734693877552 127.21334319518748
6.861734693877552 127.02967605236256
6.871734693877553 127.14578949499393
6.8817346938775525 127.06257819221372
6.891734693877552 126.83115592490557
6.901734693877552 126.74384899335081
6.911734693877553 126.7721046492547
6.921734693877553 126.63077388150947
6.931734693877552 126.28100395129319
6.941734693877552 125.96604335725752
6.951734693877552 125.84440560674476
6.961734693877553 125.78587996455485
6.971734693877552 125.82165480061973
6.981734693877552 125.72186247470552
6.991734693877552 125.61136029609412
7.001734693877553 125.43379082977252
7.011734693877552 125.45237968005432
7.021734693877552 125.6086060821771
7.031734693877552 125.63472024667936
7.041734693877553 125.57507116439177
7.0517346938775525 125.58472145181283
7.061734693877552 125.53789359214655
7.071734693877552 126.28961679062729
7.081734693877553 128.20806269589977
7.0917346938775525 129.4753243790534
7.101734693877552 128.53215204657414
7.111734693877552 128.5071254120926
7.121734693877553 128.1220379447065
7.1317346938775525 128.1216109814944
7.141734693877552 128.90106125180577
7.151734693877552 126.84950947844955
8.151734693877554 132.1518893743959
8.161734693877554 131.21852777055997
8.171734693877554 129.6830652185312
8.181734693877553 130.27616625929286
8.191734693877553 130.5461059499377
8.201734693877553 130.11649897019976
8.211734693877553 129.02141577377813
8.221734693877552 128.90330866100803
8.231734693877554 128.54727937857507
8.241734693877554 128.5792265783616
8.251734693877554 128.54606001238164
8.261734693877553 128.48516886524322
8.271734693877553 128.19039737567212
8.281734693877553 127.4955956926618
8.291734693877553 127.4418571854377
8.301734693877553 127.68730614338202
8.311734693877554 127.5301430420991
8.321734693877554 127.01752988714388
8.331734693877554 126.71955410593402
8.341734693877553 126.59595312575883
8.351734693877553 126.67144731029596
8.361734693877553 126.88505122176616
8.371734693877553 127.17050116136019
8.381734693877553 127.17603561127736
8.391734693877554 127.23835134532777
8.401734693877554 127.2547023853416
8.411734693877554 127.35252686118726
8.421734693877554 128.0995345933287
8.431734693877553 128.00471505175804
8.441734693877553 127.94188552076875
8.451734693877553 128.34571823935894
8.461734693877553 128.2342197936095
8.471734693877552 128.07118860276415
8.481734693877554 127.42890322560638
8.491734693877554 127.29811444371443
8.501734693877554 127.23328992921722
8.511734693877553 127.0277401355078
8.521734693877553 126.83332333844166
8.531734693877553 126.6507878713648
8.541734693877553 126.61265697487579
8.551734693877553 126.31445644611739
8.561734693877554 126.31682263612578
8.571734693877554 126.04120978990382
8.581734693877554 125.68732270119368
8.591734693877553 126.19160912846213
8.601734693877553 125.85433892890492
8.611734693877553 125.71743612388556
8.621734693877553 126.03800014194144
8.631734693877553 126.12582096588768
8.641734693877554 126.7892616226728
8.651734693877554 126.52940657222436
8.661734693877554 126.39777821860918
8.671734693877554 126.2898515734868
8.681734693877553 125.58587275206399
8.691734693877553 124.63442838282914
8.701734693877553 124.80313064760323
8.711734693877553 125.08271699474317
8.721734693877554 125.29878065583843
8.731734693877554 125.35134231105629
8.741734693877554 125.83544023032724
8.751734693877554 125.88081273810013
8.761734693877553 126.09361051660497
8.771734693877553 126.53764143780532
8.781734693877553 126.71012786525782
8.791734693877553 127.05984107157707
8.801734693877553 127.19676403223704
8.811734693877554 127.1151056624261
8.821734693877554 127.28994968046065
8.831734693877554 127.05865173600786
8.841734693877553 126.61816402983726
8.851734693877553 126.46906180477964
8.861734693877553 126.1671797351554
8.871734693877553 125.75376633889867
8.881734693877553 125.99862123645923
8.891734693877554 126.03287892536201
8.901734693877554 126.475238822289
8.911734693877554 126.87969966431451
8.921734693877554 126.60038497351866
8.931734693877553 126.4491101159883
8.941734693877553 126.25171481847039
8.951734693877553 126.7301305252817
8.961734693877553 126.7314887353903
8.971734693877554 126.47803175504227
8.981734693877554 126.41957728549295
8.991734693877554 125.98807155261177
9.001734693877554 126.28582502010941
9.011734693877553 126.02288525511506
9.021734693877553 126.08810748684527
9.031734693877553 126.29067877677608
9.041734693877553 126.01206498213305
9.051734693877553 126.27403145797217
9.061734693877554 126.69928937813701
9.071734693877554 127.0655970658391
9.081734693877554 126.80347396510255
9.091734693877553 127.02729332220514
9.101734693877553 125.72348182115947
9.111734693877553 123.72691627482163
9.121734693877553 121.41615079649497
9.131734693877553 117.89429551490375
9.141734693877554 114.06443080828774
9.151734693877554 112.17546277660692
9.161734693877554 108.92528837993626
9.171734693877554 106.52710122421637
9.181734693877553 105.60514572333838
9.191734693877553 104.46346667348188
9.201734693877553 104.54157582175243
9.211734693877553 104.47719604260732
9.221734693877554 104.74380593107989
9.231734693877554 105.20296131524361
9.241734693877554 104.97448454073752
9.251734693877554 105.76044979324307
9.261734693877553 106.2739153606445
9.271734693877553 106.91765260535097
9.281734693877553 106.89558274240225
9.291734693877553 107.1202551275422
9.301734693877553 106.85215884021339
9.311734693877554 106.75621970451029
9.321734693877554 106.87291497141108
9.331734693877554 107.24127412688746
9.341734693877553 107.10982425859407
9.351734693877553 107.13508408903849
9.361734693877553 107.4286643216752
9.371734693877553 106.9745062486739
9.381734693877553 106.5394835275581
9.391734693877554 106.36287082657923
9.401734693877554 105.75954615938653
9.411734693877554 105.90948484964788
9.421734693877554 105.7077912875261
9.431734693877553 105.48892771845193
9.441734693877553 105.64717720648974
9.451734693877553 106.36558724922969
9.461734693877553 105.82562659960827
9.471734693877554 106.19188938146539
9.481734693877554 106.89796205514013
9.491734693877554 106.27877790907797
9.501734693877554 106.30272852191528
9.511734693877553 106.60137101095711
9.521734693877553 105.940977277282
9.531734693877553 106.00005821491246
9.541734693877553 105.73555889491135
9.551734693877553 105.37859453219049
9.561734693877554 105.38261439051928
9.571734693877554 105.13492657254724
9.581734693877554 104.5145942445293
9.591734693877553 104.20688086370923
9.601734693877553 104.24880759435533
9.611734693877553 105.63235386777663
9.621734693877553 106.05074785865538
9.631734693877553 105.39726216098802
9.641734693877554 104.92198543196176
9.651734693877554 104.71899488425713
9.661734693877554 104.77632344912868
9.671734693877554 105.59746884786945
9.681734693877553 105.48732537356099
9.691734693877553 105.751141274881
9.701734693877553 105.52083015444649
9.711734693877553 105.60077055455432
9.721734693877554 105.54356106868356
9.731734693877554 105.37843053090569
9.741734693877554 105.44760398904694
9.751734693877554 105.25729428328161
9.761734693877553 105.13218927151962
9.771734693877553 105.51717620587361
9.781734693877553 105.61376397897638
9.791734693877553 105.31948347167574
9.801734693877553 105.91803888464128
9.811734693877554 105.84752381673245
9.821734693877554 104.86382126608613
9.831734693877554 104.89109589126576
9.841734693877553 105.9380182726047
9.851734693877553 105.94471631979563
9.861734693877553 106.06589932309655
9.871734693877553 104.92491236735128
9.881734693877553 105.12135334235172
9.891734693877554 105.09048812224212
9.901734693877554 105.73917154371615
9.911734693877554 105.67128814976668
9.921734693877554 105.65026165923136
9.931734693877553 105.27816735511463
9.941734693877553 105.72582933677708
9.951734693877553 106.59446320576117
9.961734693877553 106.93455686117954
9.971734693877554 106.05513682918581
9.981734693877554 106.35884408001824
9.991734693877554 106.44879365368426
10.001734693877554 106.12520886671678
10.011734693877553 105.86726747886189
10.021734693877553 106.27423046902338
10.031734693877553 106.55735933701709
10.041734693877553 106.88797475264775
10.051734693877552 106.97899075757026
10.061734693877554 108.07752455533024
10.071734693877554 108.52377610442973
10.081734693877554 109.84738795679156
10.091734693877553 110.29361087022535
10.101734693877553 110.87445223408623
10.111734693877553 111.35453659228214
10.121734693877553 114.26999267549786
10.131734693877553 116.38957182222099
10.141734693877554 118.64429377020889
10.151734693877554 119.60314417200304
10.161734693877554 123.40597514079633
10.171734693877553 127.06671323926902
10.181734693877553 128.05845896304993
10.191734693877553 129.25908999249873
10.201734693877553 129.94868647695662
10.211734693877553 130.31048426475203
10.221734693877554 131.00418982566023
10.231734693877554 131.21171407372117
10.241734693877554 131.03968580276356
10.251734693877554 130.9752919722587
10.261734693877553 131.07308608378682
10.271734693877553 131.1568156751243
10.281734693877553 131.0812845104818
10.291734693877553 130.4520582877711
10.301734693877552 129.7223099835304
10.311734693877554 129.61180062155913
10.321734693877554 129.70059597063366
10.331734693877554 129.60934492451656
10.341734693877553 129.09073867769706
10.351734693877553 129.0256403486414
10.361734693877553 129.52554399847259
10.371734693877553 129.80571933097673
10.381734693877553 129.65950632761124
10.391734693877554 129.49755827989168
10.401734693877554 129.6510024883865
10.411734693877554 129.58476021891053
10.421734693877553 129.57832694796355
10.431734693877553 129.4332151648618
10.441734693877553 129.16876380198127
10.451734693877553 129.1609155508976
10.461734693877553 129.14693264434126
10.471734693877554 129.16469467817723
10.481734693877554 128.98465988155064
10.491734693877554 128.85534558085152
10.501734693877554 128.63652340835512
10.511734693877553 128.504833903733
10.521734693877553 128.60490849527355
10.531734693877553 128.52766986558484
10.541734693877553 128.3338045364396
10.551734693877552 128.10558588060218
10.561734693877554 128.00604881287578
10.571734693877554 128.3867339202566
10.581734693877554 128.46284447995149
10.591734693877553 128.64218515266217
10.601734693877553 128.7303971064658
10.611734693877553 128.40860221208146
10.621734693877553 128.48318487565228
10.631734693877553 128.9270688723661
10.641734693877554 129.4985505801669
10.651734693877554 129.59684208171902
10.661734693877554 129.4973700522895
10.671734693877553 129.41073145555578
10.681734693877553 129.2930604961795
10.691734693877553 128.94125912417672
10.701734693877553 128.63649115800754
10.711734693877553 128.67827427155953
10.721734693877554 128.73827963646985
10.731734693877554 128.7480087469631
10.741734693877554 128.81175143389044
10.751734693877554 128.89135239639927
10.761734693877553 128.85368935848797
10.771734693877553 128.7509510141775
10.781734693877553 128.79703934329942
10.791734693877553 128.79849673181945
10.801734693877552 128.46249575208034
10.811734693877554 127.9614891871764
10.821734693877554 127.66409925960326
10.831734693877554 127.25921802836953
10.841734693877553 126.8543791939869
10.851734693877553 126.29773855692571
10.861734693877553 126.22931213035623
10.871734693877553 126.64576947394966
10.881734693877553 127.0730287762397
10.891734693877554 126.91470523285692
10.901734693877554 127.19262301336677
10.911734693877554 127.6351415595912
10.921734693877553 128.118838869929
10.931734693877553 128.2466078063915
10.941734693877553 127.95785383365423
10.951734693877553 127.84024744406088
10.961734693877553 127.83344474755681
10.971734693877554 128.04766124105825
10.981734693877554 127.60661407933328
10.991734693877554 127.16844585123484
11.001734693877554 126.84941174726278
11.011734693877553 127.04730285590259
11.021734693877553 126.82202937925148
11.031734693877553 126.47693820806775
11.041734693877553 126.40134752487148
11.051734693877552 126.41005320690155
11.061734693877554 126.34490257453209
11.071734693877554 126.2263831689416
11.081734693877554 125.92247570081726
11.091734693877553 125.9432429890993
11.101734693877553 125.8660916753836
11.111734693877553 125.98389310201429
11.121734693877553 126.19042843425464
11.131734693877553 126.50793619400106
11.141734693877554 126.97017872660902
11.151734693877554 127.46547891166833
11.161734693877554 127.44103506409125
11.171734693877553 129.8894955701886
11.181734693877553 132.30199521136225
11.191734693877553 131.2604595311577
11.201734693877553 130.6630749592301
11.211734693877553 130.5003171036542
11.221734693877554 129.0675139999021
11.231734693877554 128.48263907075972
12.161734693877554 127.86806410298315
12.171734693877553 128.48015399909102
12.181734693877553 129.44465858394307
12.191734693877553 128.99617067831318
12.201734693877553 128.29893270874848
12.211734693877553 128.1054341705777
12.221734693877554 128.06613064961866
12.231734693877554 127.75511756875994
12.241734693877554 128.2699338526706
12.251734693877554 128.21281282357953
12.261734693877553 127.84084037091728
12.271734693877553 128.28476276037702
12.281734693877553 128.7875050757106
12.291734693877553 129.28984484724086
12.301734693877554 129.2340516828877
12.311734693877554 129.28428685019233
12.321734693877554 129.3491791345433
12.331734693877554 129.64621730987668
12.341734693877553 129.67285677051245
12.351734693877553 129.55284520014135
12.361734693877553 129.54661388600655
12.371734693877553 129.68592459242717
12.381734693877553 129.5973706014543
12.391734693877554 129.62503560022193
12.401734693877554 129.6285904101215
12.411734693877554 129.24550732409554
12.421734693877553 128.9113249356443
12.431734693877553 128.15045690288994
12.441734693877553 128.02582612142288
12.451734693877553 128.16461764344933
12.461734693877553 128.34951576990306
12.471734693877554 127.86595757713887
12.481734693877554 127.36445954033623
12.491734693877554 127.51281426498306
12.501734693877554 128.2762231004675
12.511734693877553 127.84030217131608
12.521734693877553 128.03018075729207
12.531734693877553 128.0733398940542
12.541734693877553 127.73905522066826
12.551734693877554 127.76389413044028
12.561734693877554 127.56434511817127
12.571734693877554 127.29389472972673
12.581734693877554 127.18353821318998
12.591734693877553 127.18519993245039
12.601734693877553 126.77190983598932
12.611734693877553 126.41310926593852
12.621734693877553 125.8716583174228
12.631734693877553 125.5726765487554
12.641734693877554 125.60250960046551
12.651734693877554 125.37269474956108
12.661734693877554 125.30137423457995
12.671734693877553 125.21477367796047
12.681734693877553 125.35882564251744
12.691734693877553 125.49024569022532
12.701734693877553 126.31539434898042
12.711734693877553 126.13193074535778
12.721734693877554 125.62969843472484
12.731734693877554 126.18872639198355
12.741734693877554 125.86467871456354
12.751734693877554 125.47592259938298
12.761734693877553 126.66775525561464
12.771734693877553 126.79893266571673
12.781734693877553 126.76243147489541
12.791734693877553 126.93676109094679
12.801734693877554 126.73769293807996
12.811734693877554 127.11444639854054
12.821734693877554 126.77068497271377
12.831734693877554 126.77779561045777
12.841734693877553 127.0723871829697
12.851734693877553 126.73903077318064
12.861734693877553 126.96042614583214
12.871734693877553 126.99885415931266
12.881734693877553 126.38166594396039
12.891734693877554 126.14121793659972
12.901734693877554 126.61809822824031
12.911734693877554 126.51419260116863
12.921734693877553 126.02843724727866
12.931734693877553 125.67530916784604
12.941734693877553 125.95222046082036
12.951734693877553 126.60435077698006
12.961734693877553 126.7392161232007
12.971734693877554 126.73563709851592
12.981734693877554 127.29952372599394
12.991734693877554 127.40601520256592
13.001734693877554 127.72130948899078
13.011734693877553 127.80921699350945
13.021734693877553 127.95618437826408
13.031734693877553 128.07434722148415
13.041734693877553 127.74072946169584
13.051734693877554 127.01257858574787
13.061734693877554 126.57674581206292
13.071734693877554 126.5572241761985
13.081734693877554 125.76981397613295
13.091734693877553 124.53521910541944
13.101734693877553 122.52072052545095
13.111734693877553 120.47821115893977
13.121734693877553 117.52668869095585
13.131734693877553 114.82230855389406
13.141734693877554 111.42500159078726
13.151734693877554 108.85210467968585
13.161734693877554 107.54957817870653
13.171734693877553 105.82684340189873
13.181734693877553 105.36384884424317
13.191734693877553 104.11166473223885
13.201734693877553 103.44437539586123
13.211734693877553 103.59689179051837
13.221734693877554 104.05219598377593
13.231734693877554 105.18387190913946
13.241734693877554 105.11341175645137
13.251734693877554 105.07441991420157
13.261734693877553 105.83265310487306
13.271734693877553 105.87797637053248
13.281734693877553 105.76426527387291
13.291734693877553 105.74679983744014
13.301734693877554 105.33838606235608
13.311734693877554 104.9933933214845
13.321734693877554 104.8055412470908
13.331734693877554 104.31874726797689
13.341734693877553 105.84282674188574
13.351734693877553 105.43954053771166
13.361734693877553 105.43956957290274
13.371734693877553 105.33672990704264
13.381734693877553 104.93420234212951
13.391734693877554 104.75770835402284
13.401734693877554 105.32949493341859
13.411734693877554 105.8872246421217
13.421734693877553 104.69836570952367
13.431734693877553 104.5747095736402
13.441734693877553 104.92576690046636
13.451734693877553 104.81347621590118
13.461734693877553 104.3123498261962
13.471734693877554 105.4414136748402
13.481734693877554 105.36974767728857
13.491734693877554 104.89713068164201
13.501734693877554 105.01436198391227
13.511734693877553 104.9769843875495
13.521734693877553 104.89708844828152
13.531734693877553 104.68839624961782
13.541734693877553 104.59802124992936
13.551734693877554 104.84564431743041
13.561734693877554 104.73509581106232
13.571734693877554 104.9422830254212
13.581734693877554 104.96313763309921
13.591734693877553 104.49811363466108
13.601734693877553 104.84518841297242
13.611734693877553 104.52878073509184
13.621734693877553 103.94930622248346
13.631734693877553 104.53051400359809
13.641734693877554 104.08601282853222
13.651734693877554 103.63630717114476
13.661734693877554 104.64102394217899
13.671734693877553 105.11082403447784
13.681734693877553 105.39843846390309
13.691734693877553 106.11703327144538
13.701734693877553 106.07472110360229
13.711734693877553 105.72386288801027
13.721734693877554 105.93666169930724
13.731734693877554 105.96470625380331
13.741734693877554 105.56902778318211
13.751734693877554 105.55279034257673
13.761734693877553 105.76093777867148
13.771734693877553 105.7278938231791
13.781734693877553 105.4951533591317
13.791734693877553 104.73557968659404
13.801734693877554 105.51357299277556
13.811734693877554 104.92293296152883
13.821734693877554 104.56036835771047
13.831734693877554 105.47043771114924
13.841734693877553 105.58435033522933
13.851734693877553 105.34563998878224
13.861734693877553 105.44717332121525
13.871734693877553 105.94582370240362
13.881734693877553 104.99126484412038
13.891734693877554 106.0445847803585
13.901734693877554 105.91454244002702
13.911734693877554 104.83199211544911
13.921734693877553 105.30988121431729
13.931734693877553 104.87908066825767
13.941734693877553 106.20485151592398
13.951734693877553 105.76586303806988
13.961734693877553 104.76202735159463
13.971734693877554 104.77521188555683
13.981734693877554 103.71857271503693
13.991734693877554 104.08111494439208
14.001734693877554 104.79535296440787
14.011734693877553 105.0515379417938
14.021734693877553 105.36461605054848
14.031734693877553 105.80634436970502
14.041734693877553 104.66788024345686
14.051734693877554 105.58812512807458
14.061734693877554 112.09161171935406
14.071734693877554 114.90227746246553
14.081734693877554 115.94737337329249
14.091734693877553 117.59631576574127
14.101734693877553 119.55909596301923
14.111734693877553 121.49960841759462
14.121734693877553 123.00727539348676
14.131734693877553 124.95573146481513
14.141734693877554 126.07016793417402
14.151734693877554 127.3307077372691
14.161734693877554 127.80869581283359
14.171734693877553 128.5443931480879
14.181734693877553 128.89633942097385
14.191734693877553 129.07694879823165
14.201734693877553 129.28065858947903
14.211734693877553 129.62790375407457
14.221734693877554 129.59360442394822
14.231734693877554 130.0150012552773
14.241734693877554 130.38877263132943
14.251734693877554 130.2129521234298
14.261734693877553 130.1040097223176
14.271734693877553 129.73927855458197
14.281734693877553 129.25416495583386
14.291734693877553 128.98552325774105
14.301734693877554 128.81966042562019
14.311734693877554 128.71080536501591
14.321734693877554 128.63111093548443
14.331734693877554 128.31063776440658
14.341734693877553 127.96811005415304
14.351734693877553 127.88966574000183
14.361734693877553 127.74670052386078
14.371734693877553 127.59326237608771
14.381734693877553 127.52322850929055
14.391734693877554 127.99168453256529
14.401734693877554 128.42305805147868
14.411734693877554 128.76729757550868
14.421734693877553 128.9455449943775
14.431734693877553 129.18522144728692
14.441734693877553 129.43311965541523
14.451734693877553 129.76655452106579
14.461734693877553 129.77997635188075
14.471734693877554 129.66421140219376
14.481734693877554 129.73672281295654
14.491734693877554 129.18629294141647
14.501734693877554 129.2010115168657
14.511734693877553 129.12599297739158
14.521734693877553 128.85807023277485
14.531734693877553 128.54083118919505
14.541734693877553 128.5741950232413
14.551734693877554 128.2152475284302
14.561734693877554 128.05842855019588
14.571734693877554 128.1113569523302
14.581734693877554 128.0762679867117
14.591734693877553 128.25843137601885
14.601734693877553 127.79679864361849
14.611734693877553 127.69153200948467
14.621734693877553 128.04365553056223
14.631734693877553 128.32053959899469
14.641734693877554 128.6016464147014
14.651734693877554 128.8011576975773
14.661734693877554 128.82408500495356
14.671734693877553 128.5147340824004
14.681734693877553 128.39592287833673
14.691734693877553 128.39091995530958
14.701734693877553 127.93540577405682
14.711734693877553 127.58165905834527
14.721734693877554 127.37053497140322
14.731734693877554 127.3346731415862
14.741734693877554 127.28367937066601
14.751734693877554 127.24963209925826
14.761734693877553 127.27897407230834
14.771734693877553 127.26089363996792
14.781734693877553 127.3456187703985
14.791734693877553 127.57509182606802
14.801734693877554 127.14110266654065
14.811734693877554 126.98423987312653
14.821734693877554 127.52119507073232
14.831734693877554 127.9336621731307
14.841734693877553 128.06351567256135
14.851734693877553 128.34923364858597
14.861734693877553 128.16771782021868
14.871734693877553 128.26025369161704
14.881734693877553 128.5351829427888
14.891734693877554 128.53797104438965
14.901734693877554 128.3864602884368
14.911734693877554 128.3765360935113
14.921734693877553 128.30373841833236
14.931734693877553 128.09667923771818
14.941734693877553 128.14892023286524
14.951734693877553 128.06730445878233
14.961734693877553 128.25366948298094
14.971734693877554 128.25215220544516
14.981734693877554 128.43968860078238
14.991734693877554 128.4470067471226
15.001734693877554 128.31306174683826
15.011734693877553 128.06058226578367
15.021734693877553 128.008741804831
15.031734693877553 128.12750222365509
15.041734693877553 128.06215216506266
15.051734693877554 128.12619268392248
15.061734693877554 128.06126564048625
15.071734693877554 127.98013951460516
15.081734693877554 128.14296411259184
15.091734693877553 128.19379705386618
15.101734693877553 127.69192354754631
15.111734693877553 128.1896269781746
15.121734693877553 129.5734804140533
15.131734693877553 128.89361716707305
15.141734693877554 128.2460529211823
15.151734693877554 128.22936278770626
15.161734693877554 128.86162435176718
15.171734693877553 129.3680457218285
