0.14173469387755233 137.40153968526948
0.15173469387755234 137.14382080491998
0.16173469387755235 139.0665798904682
0.17173469387755233 140.55137813036927
0.18173469387755234 141.34937814777973
0.19173469387755235 142.12527490391628
0.20173469387755233 142.5947682085791
0.21173469387755234 142.92933346502494
0.22173469387755235 143.05387441596895
0.23173469387755233 142.4808092450339
0.24173469387755234 141.5338137203823
0.2517346938775523 140.45770334001006
0.2617346938775523 139.2136594814089
0.27173469387755234 137.9080459717237
0.28173469387755234 136.62128452873316
0.29173469387755235 135.78601481422703
0.30173469387755236 135.51693782464002
0.3117346938775523 135.53865291873558
0.3217346938775523 135.3107431287485
0.33173469387755233 134.93093687693133
0.34173469387755234 134.57504718949318
0.35173469387755235 134.25376691360998
0.36173469387755236 134.017686690654
0.37173469387755237 133.8651222569894
0.3817346938775523 133.59002856457894
0.39173469387755233 133.4108234155353
0.40173469387755234 132.926045158756
0.41173469387755235 132.42180462828225
0.42173469387755236 132.301598041386
0.43173469387755237 132.38467009779902
0.4417346938775523 132.4371910649103
0.45173469387755233 132.3425975335776
0.46173469387755234 131.50283219857036
0.47173469387755235 131.1704028827915
0.48173469387755236 131.14909075985003
0.49173469387755236 131.39775053712046
0.5017346938775523 131.1541645433842
0.5117346938775523 130.654701475531
0.5217346938775523 129.87462684528188
0.5317346938775523 129.64857226777178
0.5417346938775524 129.40314076357336
0.5517346938775524 129.12263360736122
0.5617346938775524 129.14367040032076
0.5717346938775524 129.24581021230313
0.5817346938775524 128.9674151814873
0.5917346938775524 128.82806226906564
0.6017346938775523 128.6946371926527
0.6117346938775523 128.40239457299984
0.6217346938775523 128.33100458595942
0.6317346938775523 128.6353803936747
0.6417346938775523 128.60294325625932
0.6517346938775523 129.39204600553649
0.6617346938775524 129.75515104507758
0.6717346938775524 129.7370274501335
0.6817346938775524 129.98927002054833
0.6917346938775524 129.9933252567272
0.7017346938775524 129.507776057228
0.7117346938775524 129.19865020653197
0.7217346938775524 129.35248459065636
0.7317346938775523 129.4652097791305
0.7417346938775523 129.26525174228567
0.7517346938775523 129.29678214145576
0.7617346938775523 129.38685777806745
0.7717346938775523 129.714059711865
0.7817346938775523 129.58100778053472
0.7917346938775524 129.64620457309346
0.8017346938775524 129.76563923600884
0.8117346938775524 129.66685585175316
0.8217346938775524 129.66320997959312
0.8317346938775524 129.5249013466644
0.8417346938775524 129.48147740551136
0.8517346938775524 129.60151227132462
0.8617346938775523 129.64932021250496
0.8717346938775523 129.635879430877
0.8817346938775523 129.5429246277825
0.8917346938775523 128.9831489077139
0.9017346938775523 128.56205918714582
0.9117346938775524 128.73185972960817
0.9217346938775524 128.46059330964948
0.9317346938775524 128.35470142895628
0.9417346938775524 128.1517712144356
0.9517346938775524 128.12832862842728
0.9617346938775524 128.03649126775935
0.9717346938775524 128.06589160885065
0.9817346938775523 128.92684632406025
0.9917346938775523 130.03669386082566
1.0017346938775522 131.20529482848832
1.0117346938775522 132.47149616987832
1.0217346938775522 133.8620418937369
1.0317346938775522 135.20036576696666
1.0417346938775522 135.73830858724253
1.0517346938775523 130.81290264071913
1.0617346938775523 130.1539560918465
1.0717346938775523 129.9981733465153
1.2117346938775522 109.11782049532775
1.2217346938775522 103.36831047426276
1.2317346938775522 103.22521124955503
1.2417346938775522 103.00489293610788
1.2517346938775522 102.90837680740113
1.2617346938775522 102.94861772329836
1.2717346938775522 103.03008981821287
1.2817346938775522 103.38894760397433
1.2917346938775522 103.37894464245454
1.3017346938775523 103.49250648841316
1.3117346938775523 103.75978017552207
1.3217346938775523 103.87891578271548
1.3317346938775523 104.204816510203
1.3417346938775523 104.16677708005845
1.3517346938775523 104.39525765391458
1.3617346938775523 104.77849595800006
1.3717346938775523 105.22614521231239
1.3817346938775523 105.69789275058952
1.3917346938775523 105.98384517972208
1.4017346938775523 106.21030200138748
1.4117346938775523 106.25379366155524
1.4217346938775524 105.9600971929377
1.4317346938775521 106.00540413371868
1.4417346938775522 106.35644140978157
1.4517346938775522 106.63821323569987
1.4617346938775522 106.97414354046776
1.4717346938775522 107.32533113218747
1.4817346938775522 107.40226541016658
1.4917346938775522 107.1689334374437
1.5017346938775522 106.8714702524032
1.5117346938775522 106.55427940083304
1.5217346938775522 106.46905007717785
1.5317346938775522 106.88131815104555
1.5417346938775522 106.80217807926142
1.5517346938775523 106.56461081051968
1.5617346938775523 106.62995528089502
1.5717346938775523 106.75092915410907
1.5817346938775523 106.6331580394212
1.5917346938775523 106.56347008442516
1.6017346938775523 106.41802338823737
1.6117346938775523 106.5633705103058
1.6217346938775523 106.36704679745995
1.6317346938775523 106.49453323592273
1.6417346938775523 106.9853495896397
1.6517346938775523 107.04587302498113
1.6617346938775523 106.93393509493555
1.6717346938775524 107.35618489362604
1.6817346938775524 108.35181607992796
1.6917346938775522 108.56027840119512
1.7017346938775522 108.45953780437118
1.7117346938775522 108.41514857922022
1.7217346938775522 108.41041676497308
1.7317346938775522 108.50592162245391
1.7417346938775522 108.55042478474036
1.7517346938775522 108.60237245962615
1.7617346938775522 108.47292737669926
1.7717346938775522 108.3313085999164
1.7817346938775522 108.45837986912169
1.7917346938775522 108.5834251249231
1.8017346938775523 108.69462269524536
1.8117346938775523 108.49748761533098
1.8217346938775523 108.50244877236096
1.8317346938775523 108.26181529365273
1.8417346938775523 108.0678560326519
1.8517346938775523 108.1472497412278
1.8617346938775523 108.22722534689466
1.8717346938775523 108.24417549187802
1.8817346938775523 108.38305874198281
1.8917346938775523 108.35619566784766
1.9017346938775523 108.4285013464619
1.9117346938775523 108.31018156835465
1.9217346938775524 108.07608060859198
1.9317346938775524 108.53155364890607
1.9417346938775522 108.58700043757166
1.9517346938775522 109.01310730816392
1.9617346938775522 109.25301786023024
1.9717346938775522 109.4173206001672
1.9817346938775522 109.35050831783842
1.9917346938775522 109.4858728115565
2.001734693877552 109.37034214520352
2.0117346938775524 109.29548878682434
2.0217346938775522 108.72763749622288
2.0317346938775525 108.68354793352532
2.0417346938775522 108.77039851922137
2.0517346938775525 108.57076505140024
2.0617346938775523 108.40379574370307
2.071734693877552 108.23404820669991
2.0817346938775523 108.02787720955047
2.091734693877552 107.99197236010362
2.1017346938775523 107.67003972139226
2.111734693877552 107.87572056764647
2.1217346938775523 107.85919739947037
2.131734693877552 107.84078067181227
2.1417346938775523 107.62951993208948
2.151734693877552 107.97191395550914
2.1617346938775523 108.22592301901076
4.111734693877552 135.73155795166966
4.121734693877552 135.63614139884345
4.1317346938775525 135.31098728846996
4.141734693877552 134.8666282899997
4.151734693877552 133.41176606217113
4.161734693877552 132.9510271545657
4.171734693877553 133.09036529888067
4.181734693877552 132.9020222350068
4.191734693877552 132.65011573794513
4.201734693877552 132.51045018906092
4.211734693877553 132.44653077520616
4.221734693877552 132.145641295885
4.231734693877552 132.05652578232466
4.241734693877552 131.96047730371166
4.251734693877553 131.72280432516573
4.261734693877552 131.59508063486587
4.271734693877552 131.68291757800415
4.281734693877552 131.50756137418952
4.291734693877553 131.58417129157607
4.3017346938775525 131.7494783410763
4.311734693877552 131.7882191224635
4.321734693877552 131.81751908500084
4.331734693877553 131.53808447172244
4.3417346938775525 131.27853485550915
4.351734693877552 131.31140592769563
4.361734693877552 131.29194305994483
4.371734693877553 131.19575172108813
4.3817346938775525 131.13909454112144
4.391734693877552 131.01029845462233
4.401734693877552 131.03877029246496
4.411734693877552 130.9725791410682
4.421734693877553 130.85904957936248
4.431734693877552 130.88290901109423
4.441734693877552 131.05683654070782
4.451734693877552 131.03668262535479
4.461734693877553 130.8947307141688
4.471734693877552 130.5998781175687
4.481734693877552 130.4213309863465
4.491734693877552 130.33171426996702
4.501734693877553 130.31151213097962
4.511734693877552 130.27626788968007
4.521734693877552 130.32973326632282
4.531734693877552 130.6175920011956
4.541734693877553 130.7913991150044
4.5517346938775525 130.83522682105715
4.561734693877552 130.43626745396296
4.571734693877552 130.25271993363242
4.581734693877553 130.14042945950368
4.5917346938775525 130.10441318767892
4.601734693877552 130.03776232174135
4.611734693877552 129.81858343218
4.621734693877553 129.58203863476888
4.6317346938775525 129.71749514635076
4.641734693877552 129.5272846261857
4.651734693877552 129.48336367998806
4.661734693877552 129.67165750586753
4.671734693877553 129.62029685467857
4.681734693877552 129.67975466382248
4.691734693877552 129.51730925409814
4.701734693877552 129.43292229800898
4.711734693877553 129.48362769214916
4.721734693877552 129.4565696145955
4.731734693877552 129.7305526440211
4.741734693877552 129.75061010754567
4.751734693877553 129.66572131792665
4.761734693877552 129.61879549766226
4.771734693877552 129.64021173579255
4.781734693877552 129.79900800924625
4.791734693877553 129.87847587616324
4.8017346938775525 129.7941812838276
4.811734693877552 129.68896161106647
4.821734693877552 129.50899430068566
4.831734693877553 129.34524969629362
4.8417346938775525 129.2459788881829
4.851734693877552 129.24178772570332
4.861734693877552 129.19211676077975
4.871734693877553 129.28463285234892
4.8817346938775525 129.4663178158413
4.891734693877552 129.43361048001734
4.901734693877552 129.2106488202879
4.911734693877552 129.0441471531252
4.921734693877553 128.78865919907201
4.931734693877552 128.7864297393579
4.941734693877552 128.7645418077315
4.951734693877552 128.60633230675677
4.961734693877553 128.52144528312024
4.971734693877552 128.21081556968915
4.981734693877552 128.32486542691925
4.991734693877552 128.4205785371585
5.001734693877553 128.26159760287027
5.011734693877552 128.3261882293525
5.021734693877552 128.24912478797157
5.031734693877552 128.23958689793233
5.041734693877553 128.14329934967125
5.0517346938775525 128.49604470574212
5.061734693877552 128.8499959090372
5.071734693877552 129.27514625715577
5.081734693877553 129.65581056680617
5.0917346938775525 129.94663207372227
5.101734693877552 129.70818142482946
5.111734693877552 129.04617207911707
5.121734693877553 128.92034280380327
5.1317346938775525 128.65084771442247
5.231734693877552 112.53899435232553
5.241734693877552 112.2920692350789
5.251734693877553 111.93824603456805
5.261734693877552 104.72566370507202
5.271734693877552 104.66016616458764
5.281734693877552 105.77673993669357
5.291734693877553 105.84886247511626
5.3017346938775525 105.76006244458873
5.311734693877552 105.9834247502419
5.321734693877552 105.83096536946752
5.331734693877553 105.69407076797772
5.3417346938775525 105.85559416052865
5.351734693877552 106.150987007981
5.361734693877552 106.29590034792038
5.371734693877553 106.95138150764102
5.3817346938775525 106.79218929018802
5.391734693877552 106.74441198041704
5.401734693877552 106.78063553095338
5.411734693877552 106.72725957672795
5.421734693877553 107.13934205010352
5.431734693877552 107.09140939542851
5.441734693877552 107.0508176371318
5.451734693877552 106.73914712099118
5.461734693877553 107.20171275722454
5.471734693877552 106.86444638453602
5.481734693877552 106.77185058299519
5.491734693877552 107.15614735878508
5.501734693877553 107.27728831145045
5.511734693877552 107.28021786617919
5.521734693877552 107.4199017185617
5.531734693877552 107.17061241441579
5.541734693877553 107.13872565631112
5.5517346938775525 107.64615872236489
5.561734693877552 108.04272077255504
5.571734693877552 108.13161023560363
5.581734693877553 108.43767897157572
5.5917346938775525 108.21524472840687
5.601734693877552 107.97365780735903
5.611734693877552 107.82277086735456
5.621734693877553 107.45823079301057
5.6317346938775525 107.77620784474918
5.641734693877552 107.50416691804841
5.651734693877552 107.52292602363126
5.661734693877552 107.47031245702557
5.671734693877553 108.20626057251248
5.681734693877552 108.09480285007767
5.691734693877552 108.20699315124088
5.701734693877552 107.78164873302651
5.711734693877553 107.91468430927178
5.721734693877552 108.02862952161115
5.731734693877552 107.63385354744219
5.741734693877552 107.75275216766403
5.751734693877553 108.15117839459076
5.761734693877552 108.67035909889111
5.771734693877552 108.27756971885505
5.781734693877552 108.28730925359778
5.791734693877553 108.59526133134247
5.8017346938775525 108.63994584928433
5.811734693877552 108.78728636353753
5.821734693877552 108.7679546198271
5.831734693877553 108.91654112422508
5.8417346938775525 108.96323831758158
5.851734693877552 109.08489260045306
5.861734693877552 108.8270986582183
5.871734693877553 108.83809404917243
5.8817346938775525 108.97838847295822
5.891734693877552 108.95160350429975
5.901734693877552 108.8267366922493
5.911734693877552 108.82101199549383
5.921734693877553 109.03929765624973
5.931734693877552 108.91298159165046
5.941734693877552 109.05700328974997
5.951734693877552 108.6561031903794
5.961734693877553 108.24811252041857
5.971734693877552 108.00041639834643
5.981734693877552 108.05690716314848
5.991734693877552 108.0050684220013
6.001734693877553 107.80732779504001
6.011734693877552 107.61057172614366
6.021734693877552 107.84907198518697
6.031734693877552 107.7036084779927
6.041734693877553 107.84495773809806
6.0517346938775525 107.94422159744671
6.061734693877552 108.3108735803334
6.071734693877552 108.40523943984158
6.081734693877553 108.26199375469237
6.0917346938775525 108.17921554437422
6.101734693877552 108.2027303553666
6.111734693877552 107.70327735977209
6.121734693877553 108.10513673087375
6.1317346938775525 108.27068059421475
8.091734693877553 129.39030814617013
8.101734693877553 131.43806809641157
8.111734693877553 133.2233665494506
8.121734693877553 133.11975154797872
8.131734693877553 133.9256029504781
8.141734693877554 134.2332817387069
8.151734693877554 134.5992762113529
8.161734693877554 134.98685326886337
8.171734693877554 134.94954188557355
8.181734693877553 134.15726457271333
8.191734693877553 133.43396599541697
8.201734693877553 133.49005796316922
8.211734693877553 133.2432127273731
8.221734693877552 132.822855430063
8.231734693877554 132.6473493470713
8.241734693877554 132.52660609746763
8.251734693877554 132.90270454083551
8.261734693877553 132.96347888114386
8.271734693877553 132.8631951243281
8.281734693877553 132.42345049043314
8.291734693877553 132.28682315940924
8.301734693877553 132.27150750914842
8.311734693877554 132.01022667697242
8.321734693877554 131.8453960027552
8.331734693877554 131.602080675769
8.341734693877553 131.52964391740494
8.351734693877553 131.62387372360843
8.361734693877553 131.38321911604007
8.371734693877553 131.04845373197912
8.381734693877553 130.87095898395938
8.391734693877554 130.8059188050545
8.401734693877554 130.90150000648137
8.411734693877554 131.05408062088506
8.421734693877554 131.1189027273426
8.431734693877553 130.80890487743082
8.441734693877553 130.63415921132935
8.451734693877553 130.374394780423
8.461734693877553 130.11474535198408
8.471734693877552 130.0095451118023
8.481734693877554 129.6830981834113
8.491734693877554 129.52940197732588
8.501734693877554 129.7484869249961
8.511734693877553 129.96883253797523
8.521734693877553 129.82165972238545
8.531734693877553 129.54666518298092
8.541734693877553 129.54291451545177
8.551734693877553 129.4704090365594
8.561734693877554 129.23231231476336
8.571734693877554 129.39705269161735
8.581734693877554 129.66620039139974
8.591734693877553 129.98352380568946
8.601734693877553 129.81299430963801
8.611734693877553 129.28870699968732
8.621734693877553 129.16810982678257
8.631734693877553 129.14080348720853
8.641734693877554 128.46467786594567
8.651734693877554 128.1420679077301
8.661734693877554 128.29965291304603
8.671734693877554 128.77945555292493
8.681734693877553 128.76962534560647
8.691734693877553 128.54697839663612
8.701734693877553 129.24264644046931
8.711734693877553 129.17986154546855
8.721734693877554 129.07223535655424
8.731734693877554 129.4069169989587
8.741734693877554 129.33841186494473
8.751734693877554 129.31864500352336
8.761734693877553 129.3843894906051
8.771734693877553 129.19403627009493
8.781734693877553 129.13890110369852
8.791734693877553 129.0265775704305
8.801734693877553 128.94248660594218
8.811734693877554 129.02388921916818
8.821734693877554 128.75893705246287
8.831734693877554 128.33391447123984
8.841734693877553 128.61520836509982
8.851734693877553 128.75756171040481
8.861734693877553 128.68374624041192
8.871734693877553 128.82687780002544
8.881734693877553 128.71097950142695
8.891734693877554 128.9030275279609
8.901734693877554 128.56530885087398
8.911734693877554 128.66151108491744
8.921734693877554 128.507545579957
8.931734693877553 128.429484500924
8.941734693877553 128.30253714227933
8.951734693877553 128.22076418110657
8.961734693877553 128.33593135323116
8.971734693877554 128.17453119678646
8.981734693877554 128.37321770101593
8.991734693877554 128.19857904771288
9.001734693877554 128.27706414983132
9.011734693877553 128.0908332293932
9.021734693877553 128.1571562104136
9.031734693877553 128.87731522499195
9.041734693877553 129.6622295454504
9.051734693877553 130.27698375070412
9.061734693877554 131.0044757134924
9.071734693877554 131.82242073262051
9.081734693877554 131.26454562244427
9.091734693877553 129.18952846850362
9.101734693877553 129.277444409398
9.221734693877554 110.14721462293045
9.231734693877554 111.28159066715064
9.241734693877554 110.04897150713467
9.251734693877554 107.89669142485471
9.261734693877553 106.96638955050032
9.271734693877553 106.48511328740575
9.281734693877553 106.10721715788112
9.291734693877553 105.7552625171094
9.301734693877553 105.61049411429892
9.311734693877554 105.15568536752318
9.321734693877554 105.18835140451246
9.331734693877554 105.5161271928619
9.341734693877553 105.62928886561201
9.351734693877553 105.95611266924413
9.361734693877553 106.33893265911924
9.371734693877553 106.8403907139393
9.381734693877553 106.91781265824841
9.391734693877554 106.71999863809431
9.401734693877554 107.01420653272635
9.411734693877554 107.39478003949644
9.421734693877554 107.45303237831986
9.431734693877553 107.46272836156139
9.441734693877553 107.65870153263765
9.451734693877553 107.74346787936294
9.461734693877553 107.04747136647279
9.471734693877554 107.17223836844862
9.481734693877554 108.02689857969236
9.491734693877554 108.25897616448704
9.501734693877554 108.28987007771087
9.511734693877553 108.10172834425246
9.521734693877553 107.69549106531736
9.531734693877553 107.59453338923326
9.541734693877553 107.69614969936582
9.551734693877553 107.87213135689994
9.561734693877554 107.9027214056531
9.571734693877554 107.94273571339767
9.581734693877554 108.17094769691859
9.591734693877553 107.84684507828901
9.601734693877553 108.14321105183154
9.611734693877553 107.8641280734387
9.621734693877553 107.49489941987416
9.631734693877553 106.99663177751371
9.641734693877554 107.11389549004511
9.651734693877554 107.23028547129195
9.661734693877554 107.20248381885521
9.671734693877554 106.88979050610448
9.681734693877553 106.92045147295856
9.691734693877553 107.22434773468912
9.701734693877553 107.42210181996226
9.711734693877553 106.7242328464816
9.721734693877554 106.76643780548345
9.731734693877554 107.22555038104211
9.741734693877554 107.12395055484045
9.751734693877554 106.6679611221051
9.761734693877553 107.42866441700754
9.771734693877553 107.36568040124178
9.781734693877553 107.01253559848456
9.791734693877553 106.8036224474174
9.801734693877553 106.96583055021156
9.811734693877554 107.04753966704156
9.821734693877554 107.52664987124531
9.831734693877554 107.30802604185828
9.841734693877553 107.47959824077515
9.851734693877553 107.54973393137776
9.861734693877553 107.5863353122867
9.871734693877553 107.45772231278656
9.881734693877553 107.63915171365655
9.891734693877554 107.2138703900614
9.901734693877554 106.97256773364334
9.911734693877554 107.09873006361217
9.921734693877554 106.9802125107807
9.931734693877553 106.88336607199747
9.941734693877553 107.15689164349557
9.951734693877553 107.14319044284635
9.961734693877553 106.83373004493482
9.971734693877554 106.98099387173171
9.981734693877554 107.27842472895644
9.991734693877554 107.39073181222207
10.001734693877554 107.47163079127367
10.011734693877553 107.93774652537377
10.021734693877553 108.06781239438797
10.031734693877553 108.46495006221126
10.041734693877553 108.04975910252453
10.051734693877552 108.13000256544679
10.061734693877554 108.01814753220017
12.131734693877553 124.07801910361815
12.141734693877554 125.00404174736626
12.151734693877554 124.94288046164937
12.161734693877554 130.61460703843863
12.171734693877553 129.5535483330565
12.181734693877553 130.25524448402902
12.191734693877553 130.33464341731565
12.201734693877553 130.27555430888626
12.211734693877553 130.00545499030736
12.221734693877554 129.93425923011776
12.231734693877554 130.49803377128865
12.241734693877554 131.40629385252285
12.251734693877554 131.6731524323514
12.261734693877553 131.1994459363328
12.271734693877553 131.10687574654776
12.281734693877553 131.05258797561672
12.291734693877553 131.35412396637238
12.301734693877554 131.6753291376988
12.311734693877554 131.75627079758652
12.321734693877554 131.8068768792848
12.331734693877554 131.74446384524398
12.341734693877553 131.7847734745588
12.351734693877553 131.96674967520946
12.361734693877553 132.16634424404802
12.371734693877553 132.20974549800974
12.381734693877553 132.32284765265263
12.391734693877554 132.3840590159452
12.401734693877554 132.24206648637139
12.411734693877554 132.09930428885679
12.421734693877553 132.0093221336285
12.431734693877553 131.74833815968339
12.441734693877553 131.4158531978291
12.451734693877553 131.28804480943992
12.461734693877553 131.3592901812461
12.471734693877554 131.37597076484562
12.481734693877554 131.1264674731764
12.491734693877554 131.00580877305725
12.501734693877554 130.67581553353045
12.511734693877553 130.11807599009734
12.521734693877553 129.96175392069435
12.531734693877553 129.63864526880886
12.541734693877553 129.45717690078357
12.551734693877554 129.6306164308005
12.561734693877554 129.78635075065262
12.571734693877554 129.45114310521552
12.581734693877554 129.2423214630131
12.591734693877553 129.04665576173895
12.601734693877553 128.75584506984708
12.611734693877553 128.7119159908172
12.621734693877553 128.99472239651604
12.631734693877553 129.05038800376684
12.641734693877554 128.85887729521954
12.651734693877554 128.71570750964506
12.661734693877554 128.45922972946468
12.671734693877553 128.02562586541669
12.681734693877553 128.03263357059254
12.691734693877553 128.09168251382982
12.701734693877553 127.99940460121523
12.711734693877553 128.068729656196
12.721734693877554 128.26071400970827
12.731734693877554 128.30003751993985
12.741734693877554 128.15435829918954
12.751734693877554 127.82507384968378
12.761734693877553 127.80282934456791
12.771734693877553 127.83294635145359
12.781734693877553 127.79066659683052
12.791734693877553 127.79578761564561
12.801734693877554 127.78449812558937
12.811734693877554 127.36719284239217
12.821734693877554 127.04010770229353
12.831734693877554 126.83848563517647
12.841734693877553 126.91420669542187
12.851734693877553 127.07703508120646
12.861734693877553 127.56654848692689
12.871734693877553 127.75739338420584
12.881734693877553 127.41696723358496
12.891734693877554 127.51769196473991
12.901734693877554 127.958352001869
12.911734693877554 128.16312614045898
12.921734693877553 128.3921781973838
12.931734693877553 128.71389559461576
12.941734693877553 128.8173563713378
12.951734693877553 128.70608772992543
12.961734693877553 128.52705813083475
12.971734693877554 128.20321141263233
12.981734693877554 128.26408350092518
12.991734693877554 128.4065066978821
13.001734693877554 128.51632786163168
13.011734693877553 128.43214388783667
13.021734693877553 128.42338535523825
13.031734693877553 128.72252819267501
13.041734693877553 128.76278869197998
13.051734693877554 128.55525337743265
13.061734693877554 127.58163652495026
13.071734693877554 127.48350358268006
13.081734693877554 128.42237107954168
13.191734693877553 119.63426508817211
13.201734693877553 112.57897451165408
13.211734693877553 106.38201340730483
13.221734693877554 107.1021232030655
13.231734693877554 107.18912088668043
13.241734693877554 107.01361043008842
13.251734693877554 106.68579463837209
13.261734693877553 105.88686549738556
13.271734693877553 105.4089903366353
13.281734693877553 105.49141736852387
13.291734693877553 105.61156612647542
13.301734693877554 105.97949017406259
13.311734693877554 106.35606021958188
13.321734693877554 106.45371126382156
13.331734693877554 106.52718389488032
13.341734693877553 106.75919660673061
13.351734693877553 106.6707509538005
13.361734693877553 106.85559103405315
13.371734693877553 107.0095926168984
13.381734693877553 107.22405963038216
13.391734693877554 107.5405260952798
13.401734693877554 107.83097714876307
13.411734693877554 108.0147914263911
13.421734693877553 108.0799780417124
13.431734693877553 108.01594880951359
13.441734693877553 107.49993461953517
13.451734693877553 107.41419602222634
13.461734693877553 107.88151783805552
13.471734693877554 107.85627453239
13.481734693877554 107.78185667443452
13.491734693877554 108.04819758759892
13.501734693877554 108.36292818579656
13.511734693877553 108.43187600820481
13.521734693877553 108.49045929558218
13.531734693877553 108.21671015989715
13.541734693877553 108.20917820715994
13.551734693877554 108.15468963614003
13.561734693877554 108.00960481703562
13.571734693877554 107.9152119520439
13.581734693877554 107.83049411505826
13.591734693877553 107.7877714271514
13.601734693877553 107.98364719408973
13.611734693877553 108.22867287313959
13.621734693877553 108.35112645217869
13.631734693877553 108.70863245116993
13.641734693877554 108.95091774238367
13.651734693877554 109.02142928680615
13.661734693877554 109.05863267132928
13.671734693877553 108.91888133221268
13.681734693877553 108.73596568198656
13.691734693877553 108.7976488081382
13.701734693877553 109.12589300107472
13.711734693877553 109.19004360742326
13.721734693877554 109.40539195250737
13.731734693877554 109.30162793332762
13.741734693877554 108.72663027329422
13.751734693877554 108.53373972221927
13.761734693877553 108.31848362128012
13.771734693877553 108.40618743371805
13.781734693877553 108.45778178336136
13.791734693877553 108.47484667014524
13.801734693877554 108.36753506381532
13.811734693877554 108.13796416069698
13.821734693877554 108.15919880619212
13.831734693877554 108.36435538956343
13.841734693877553 108.37495845049648
13.851734693877553 108.35315993292623
13.861734693877553 108.31757292306534
13.871734693877553 108.3396427256897
13.881734693877553 108.37047655781278
13.891734693877554 108.4029587276556
13.901734693877554 108.37943695866535
13.911734693877554 108.39508170876908
13.921734693877553 108.39879784733856
13.931734693877553 107.84932708447019
13.941734693877553 107.16399611778901
13.951734693877553 107.54222606732958
13.961734693877553 107.43303128623667
13.971734693877554 107.30685260051008
13.981734693877554 107.3982839633748
13.991734693877554 106.96603648944853
14.001734693877554 107.46531546632896
14.011734693877553 107.43949209475139
14.021734693877553 107.76259158546293
14.031734693877553 107.73199267600455
14.041734693877553 107.33863775689098
14.051734693877554 107.13173594171532
14.061734693877554 107.13475794803043
14.071734693877554 107.07034795176482
